7.800000000000000266e-01
1.119137406349182129e+00
1.116626262664794922e+00
1.082263469696044922e+00
1.026880025863647461e+00
1.036451935768127441e+00
1.026020646095275879e+00
1.103042721748352051e+00
1.006385803222656250e+00
8.865773677825927734e-01
9.662308692932128906e-01
9.642250537872314453e-01
1.120018005371093750e+00
9.619482159614562988e-01
7.905394434928894043e-01
9.298113584518432617e-01
9.347444176673889160e-01
1.140625238418579102e+00
9.414810538291931152e-01
7.425534725189208984e-01
9.110427498817443848e-01
9.184963703155517578e-01
1.143866658210754395e+00
9.270519614219665527e-01
7.181449532508850098e-01
8.952955603599548340e-01
9.041603803634643555e-01
1.134396433830261230e+00
9.121986627578735352e-01
7.017465233802795410e-01
8.788887858390808105e-01
8.889396190643310547e-01
1.118249773979187012e+00
8.960900902748107910e-01
6.872678399085998535e-01
8.607584238052368164e-01
8.720801472663879395e-01
1.097859263420104980e+00
8.783471584320068359e-01
6.726744174957275391e-01
8.405771851539611816e-01
8.532117605209350586e-01
1.073929071426391602e+00
8.584087491035461426e-01
6.572243571281433105e-01
8.180205225944519043e-01
8.320450186729431152e-01
1.046703219413757324e+00
8.361346125602722168e-01
6.406818628311157227e-01
7.928975820541381836e-01
8.083699941635131836e-01
1.016090869903564453e+00
8.113486170768737793e-01
6.223398447036743164e-01
7.650527358055114746e-01
7.820432186126708984e-01
9.818902611732482910e-01
7.838043570518493652e-01
6.008639931678771973e-01
7.347849607467651367e-01
7.638244628906250000e-01
9.557644724845886230e-01
7.653331160545349121e-01
5.894377827644348145e-01
7.128047943115234375e-01
7.328626513481140137e-01
9.160706400871276855e-01
7.336671948432922363e-01
5.640269517898559570e-01
6.782800555229187012e-01
6.993346810340881348e-01
8.727380633354187012e-01
6.996808052062988281e-01
5.380465984344482422e-01
6.419684886932373047e-01
6.644485592842102051e-01
8.280107378959655762e-01
6.656099557876586914e-01
5.084960460662841797e-01
6.050141453742980957e-01
6.926523447036743164e-01
8.459975719451904297e-01
6.946609020233154297e-01
5.454328060150146484e-01
6.322537064552307129e-01
6.566244363784790039e-01
8.015684485435485840e-01
6.597998142242431641e-01
5.124818086624145508e-01
5.961586236953735352e-01
6.204017400741577148e-01
7.583306431770324707e-01
6.244046092033386230e-01
4.857198894023895264e-01
5.607826113700866699e-01
5.855011940002441406e-01
7.156378030776977539e-01
5.895146727561950684e-01
4.578856229782104492e-01
5.269271135330200195e-01
4.865910708904266357e-01
6.107663512229919434e-01
4.893271028995513916e-01
3.652334809303283691e-01
4.300320744514465332e-01
4.540268182754516602e-01
5.691312551498413086e-01
4.581291079521179199e-01
3.392609953880310059e-01
3.993236422538757324e-01
4.232111871242523193e-01
5.312221646308898926e-01
4.277143180370330811e-01
3.140388727188110352e-01
3.704716563224792480e-01
3.931275904178619385e-01
4.937888979911804199e-01
3.986146748065948486e-01
2.904790937900543213e-01
3.434437513351440430e-01
4.335710108280181885e-01
5.263268947601318359e-01
4.410764276981353760e-01
3.394370079040527344e-01
3.866462409496307373e-01
4.070529341697692871e-01
4.934073090553283691e-01
4.149747490882873535e-01
3.187831640243530273e-01
3.632671236991882324e-01
3.824601173400878906e-01
4.622025489807128906e-01
3.921350836753845215e-01
3.022522628307342529e-01
3.414896726608276367e-01
3.599738180637359619e-01
4.326078891754150391e-01
3.706718981266021729e-01
2.849698066711425781e-01
3.218374848365783691e-01
2.841987311840057373e-01
3.505927026271820068e-01
2.951499521732330322e-01
2.158583998680114746e-01
2.487989366054534912e-01
2.655174732208251953e-01
3.269662857055664062e-01
2.777233123779296875e-01
2.019148766994476318e-01
2.321638017892837524e-01
2.478187531232833862e-01
3.034497797489166260e-01
2.597224116325378418e-01
1.890284121036529541e-01
2.173560261726379395e-01
2.317621856927871704e-01
2.820216417312622070e-01
2.434062361717224121e-01
1.778400540351867676e-01
2.036929279565811157e-01
2.727937698364257812e-01
3.195216953754425049e-01
2.836170792579650879e-01
2.234650701284408569e-01
2.467984855175018311e-01
2.598205208778381348e-01
3.021309971809387207e-01
2.711817026138305664e-01
2.141363918781280518e-01
2.358518838882446289e-01
2.481615245342254639e-01
2.869660556316375732e-01
2.584843635559082031e-01
2.063141018152236938e-01
2.260293960571289062e-01
2.377417683601379395e-01
2.729814946651458740e-01
2.473873794078826904e-01
1.987952589988708496e-01
2.172129452228546143e-01
1.724235415458679199e-01
2.047365605831146240e-01
1.820064783096313477e-01
1.365908682346343994e-01
1.535202711820602417e-01
1.641883254051208496e-01
1.941832751035690308e-01
1.726930737495422363e-01
1.309139281511306763e-01
1.464607417583465576e-01
1.564610451459884644e-01
1.840076446533203125e-01
1.646496057510375977e-01
1.257907152175903320e-01
1.401315629482269287e-01
1.496325135231018066e-01
1.750219166278839111e-01
1.574733704328536987e-01
1.208763122558593750e-01
1.344439685344696045e-01
2.065002918243408203e-01
2.299757152795791626e-01
2.137069106101989746e-01
1.798109710216522217e-01
1.923790574073791504e-01
2.009248733520507812e-01
2.226447761058807373e-01
2.075320184230804443e-01
1.760218441486358643e-01
1.877748668193817139e-01
1.959448009729385376e-01
2.161490023136138916e-01
2.021614015102386475e-01
1.726472824811935425e-01
1.836523115634918213e-01
1.913119256496429443e-01
2.102088481187820435e-01
1.971291899681091309e-01
1.696277856826782227e-01
1.798402965068817139e-01
1.244274228811264038e-01
1.418886780738830566e-01
1.299145221710205078e-01
1.040447130799293518e-01
1.136719211935997009e-01
1.207788139581680298e-01
1.371239572763442993e-01
1.257477104663848877e-01
1.015801280736923218e-01
1.105768829584121704e-01
1.173684149980545044e-01
1.326195746660232544e-01
1.221450567245483398e-01
9.911668300628662109e-02
1.077473759651184082e-01
1.142909452319145203e-01
1.286175549030303955e-01
1.188111379742622375e-01
9.712219238281250000e-02
1.051966771483421326e-01
1.816429495811462402e-01
1.951014399528503418e-01
1.857901066541671753e-01
1.653586328029632568e-01
1.730559319257736206e-01
1.790640056133270264e-01
1.916957050561904907e-01
1.830144822597503662e-01
1.636051237583160400e-01
1.708703488111495972e-01
1.766258180141448975e-01
1.885862052440643311e-01
1.803420186042785645e-01
1.619618237018585205e-01
1.688642501831054688e-01
1.744247972965240479e-01
1.856669485569000244e-01
1.779783368110656738e-01
1.604049950838088989e-01
1.670162528753280640e-01
1.100688874721527100e-01
1.206922084093093872e-01
1.134015321731567383e-01
9.669241309165954590e-02
1.029947325587272644e-01
1.081500351428985596e-01
1.183103173971176147e-01
1.113703250885009766e-01
9.542077779769897461e-02
1.014534085988998413e-01
1.064365953207015991e-01
1.160088106989860535e-01
1.095262765884399414e-01
9.425030648708343506e-02
1.000216975808143616e-01
1.048479080200195312e-01
1.139503046870231628e-01
1.077085286378860474e-01
9.322936832904815674e-02
9.870435297489166260e-02
1.659047454595565796e-01
1.746087670326232910e-01
1.686374098062515259e-01
1.546938568353652954e-01
1.599878519773483276e-01
1.645584851503372192e-01
1.727556288242340088e-01
1.671051830053329468e-01
1.537918597459793091e-01
1.588137447834014893e-01
1.631418466567993164e-01
1.710253655910491943e-01
1.655707508325576782e-01
1.528777182102203369e-01
1.576879769563674927e-01
1.619556397199630737e-01
1.695263385772705078e-01
1.643217504024505615e-01
1.519914269447326660e-01
1.566338241100311279e-01
1.006989106535911560e-01
1.078819707036018372e-01
1.029454618692398071e-01
9.111557155847549438e-02
9.560149908065795898e-02
9.959682077169418335e-02
1.065622195601463318e-01
1.018146127462387085e-01
9.040550887584686279e-02
9.472222626209259033e-02
9.865226596593856812e-02
1.052684187889099121e-01
1.006995737552642822e-01
8.975420892238616943e-02
9.390573203563690186e-02
9.771483391523361206e-02
1.040669754147529602e-01
9.970502555370330811e-02
8.910036832094192505e-02
9.312804043292999268e-02
1.686809808015823364e-01
1.748040318489074707e-01
1.706179380416870117e-01
1.603284776210784912e-01
1.642099320888519287e-01
1.677955090999603271e-01
1.736421138048171997e-01
1.696384251117706299e-01
1.597516536712646484e-01
1.634819507598876953e-01
1.669781208038330078e-01
1.726287901401519775e-01
1.687274277210235596e-01
1.591546088457107544e-01
1.627782732248306274e-01
1.662115454673767090e-01
1.716397255659103394e-01
1.678973138332366943e-01
1.586284786462783813e-01
1.621185392141342163e-01
9.372992813587188721e-02
9.903670847415924072e-02
9.541230648756027222e-02
8.640893548727035522e-02
8.981792628765106201e-02
9.308806061744689941e-02
9.815546870231628418e-02
9.469393640756607056e-02
8.596288412809371948e-02
8.926592022180557251e-02
9.243310987949371338e-02
9.739452600479125977e-02
9.398641437292098999e-02
8.555091917514801025e-02
8.874537050724029541e-02
9.185785800218582153e-02
9.660640358924865723e-02
9.338311105966567993e-02
8.516307175159454346e-02
8.825785666704177856e-02
1.671395152807235718e-01
1.717762053012847900e-01
1.685723513364791870e-01
1.605986356735229492e-01
1.635955125093460083e-01
1.665516942739486694e-01
1.710181534290313721e-01
1.679489165544509888e-01
1.601693034172058105e-01
1.630936264991760254e-01
1.659845411777496338e-01
1.703331768512725830e-01
1.673368662595748901e-01
1.597727537155151367e-01
1.626091003417968750e-01
1.654468178749084473e-01
1.696592122316360474e-01
1.667475402355194092e-01
1.593925058841705322e-01
1.621432453393936157e-01
9.439234435558319092e-02
9.849354624748229980e-02
9.570203721523284912e-02
8.850834518671035767e-02
9.121226519346237183e-02
9.394749253988265991e-02
9.791404008865356445e-02
9.522274881601333618e-02
8.821460604667663574e-02
9.084409475326538086e-02
9.352347999811172485e-02
9.738167375326156616e-02
9.475313127040863037e-02
8.793017268180847168e-02
9.049208462238311768e-02
9.312156587839126587e-02
9.688597917556762695e-02
9.431451559066772461e-02
8.765134960412979126e-02
9.015345573425292969e-02
1.632794290781021118e-01
1.669275164604187012e-01
1.644259691238403320e-01
1.579034626483917236e-01
1.603338718414306641e-01
1.628512591123580933e-01
1.664056628942489624e-01
1.639673113822937012e-01
1.575930416584014893e-01
1.599637866020202637e-01
1.624390482902526855e-01
1.658888459205627441e-01
1.635310053825378418e-01
1.572967767715454102e-01
1.596035212278366089e-01
1.620278358459472656e-01
1.653977930545806885e-01
1.630700230598449707e-01
1.570015996694564819e-01
1.592515408992767334e-01
9.262701869010925293e-02
9.593936800956726074e-02
9.369578957557678223e-02
8.774103969335556030e-02
8.996319770812988281e-02
9.231661260128021240e-02
9.553340077400207520e-02
9.334378689527511597e-02
8.752367645502090454e-02
8.969265222549438477e-02
9.202390909194946289e-02
9.515113383531570435e-02
9.301697462797164917e-02
8.732956647872924805e-02
8.944435417652130127e-02
9.170810133218765259e-02
9.480811655521392822e-02
9.269972145557403564e-02
8.711305260658264160e-02
8.919495344161987305e-02
1.663038134574890137e-01
1.692793667316436768e-01
1.672308146953582764e-01
1.617463678121566772e-01
1.637699902057647705e-01
1.659509241580963135e-01
1.688845753669738770e-01
1.668814718723297119e-01
1.614992320537567139e-01
1.634765118360519409e-01
1.656327545642852783e-01
1.684859097003936768e-01
1.665311455726623535e-01
1.612509787082672119e-01
1.631877869367599487e-01
1.653001606464385986e-01
1.680960357189178467e-01
1.661814451217651367e-01
1.610160917043685913e-01
1.629075109958648682e-01
9.017744660377502441e-02
9.293178468942642212e-02
9.105668962001800537e-02
8.599567413330078125e-02
8.786642551422119141e-02
8.994149416685104370e-02
9.263017028570175171e-02
9.080565720796585083e-02
8.583609759807586670e-02
8.766929805278778076e-02
8.970802277326583862e-02
9.235265851020812988e-02
9.056563675403594971e-02
8.567102253437042236e-02
8.747702091932296753e-02
8.948210626840591431e-02
9.207221120595932007e-02
9.031297266483306885e-02
8.551402390003204346e-02
8.728561550378799438e-02
1.669265776872634888e-01
1.694354414939880371e-01
1.677194833755493164e-01
1.629866063594818115e-01
1.647074967622756958e-01
1.666376590728759766e-01
1.691144257783889771e-01
1.674177795648574829e-01
1.627652347087860107e-01
1.644604206085205078e-01
1.663702130317687988e-01
1.687932759523391724e-01
1.671273708343505859e-01
1.625510156154632568e-01
1.642141938209533691e-01
1.661066710948944092e-01
1.684727221727371216e-01
1.668500751256942749e-01
1.623416841030120850e-01
1.639750897884368896e-01
9.199649840593338013e-02
9.435082972049713135e-02
9.275378286838531494e-02
8.833891153335571289e-02
8.996259421110153198e-02
9.181758016347885132e-02
9.411568939685821533e-02
9.256153553724288940e-02
8.821731060743331909e-02
8.980512619018554688e-02
9.163108468055725098e-02
9.389940649271011353e-02
9.237504005432128906e-02
8.808504045009613037e-02
8.965206891298294067e-02
9.144932031631469727e-02
9.368532896041870117e-02
9.217974543571472168e-02
8.796496689319610596e-02
8.950522541999816895e-02
1.650333404541015625e-01
1.671995520591735840e-01
1.657180190086364746e-01
1.615471839904785156e-01
1.630487740039825439e-01
1.647932231426239014e-01
1.669298112392425537e-01
1.654578000307083130e-01
1.613597571849822998e-01
1.628362834453582764e-01
1.645542532205581665e-01
1.666602045297622681e-01
1.652213633060455322e-01
1.611736565828323364e-01
1.626234352588653564e-01
1.643263399600982666e-01
1.663858294486999512e-01
1.649669110774993896e-01
1.609843224287033081e-01
1.624144017696380615e-01
9.142454713582992554e-02
9.347898513078689575e-02
9.209437668323516846e-02
8.817128837108612061e-02
8.959554135799407959e-02
9.128104150295257568e-02
9.328446537256240845e-02
9.193553775548934937e-02
8.806747198104858398e-02
8.946740627288818359e-02
9.112135320901870728e-02
9.310180693864822388e-02
9.177323430776596069e-02
8.796486258506774902e-02
8.934379369020462036e-02
9.097687155008316040e-02
9.293302893638610840e-02
9.161116182804107666e-02
8.785838633775711060e-02
8.921879529953002930e-02
1.674849092960357666e-01
1.693972945213317871e-01
1.680839359760284424e-01
1.643627583980560303e-01
1.656856387853622437e-01
1.672702133655548096e-01
1.691523343324661255e-01
1.678619682788848877e-01
1.641869246959686279e-01
1.654918044805526733e-01
1.670588850975036621e-01
1.689103543758392334e-01
1.676380932331085205e-01
1.640128940343856812e-01
1.652984619140625000e-01
1.668516695499420166e-01
1.686779707670211792e-01
1.674224436283111572e-01
1.638384610414505005e-01
1.651072651147842407e-01
9.000245481729507446e-02
9.181104600429534912e-02
9.060075879096984863e-02
8.706762641668319702e-02
8.833672851324081421e-02
8.987347036600112915e-02
9.165985882282257080e-02
9.046185761690139771e-02
8.697896450757980347e-02
8.822918683290481567e-02
8.974708616733551025e-02
9.151054918766021729e-02
9.032605588436126709e-02
8.688904345035552979e-02
8.812365680932998657e-02
8.962459862232208252e-02
9.136170148849487305e-02
9.019429236650466919e-02
8.680251240730285645e-02
8.801814913749694824e-02
1.674077808856964111e-01
1.691138744354248047e-01
1.679462641477584839e-01
1.645723432302474976e-01
1.657577455043792725e-01
1.672154366970062256e-01
1.688915491104125977e-01
1.677420139312744141e-01
1.644101738929748535e-01
1.655801087617874146e-01
1.670214831829071045e-01
1.686821877956390381e-01
1.675397008657455444e-01
1.642479002475738525e-01
1.654008775949478149e-01
1.668326854705810547e-01
1.684615612030029297e-01
1.673431247472763062e-01
1.640802621841430664e-01
1.652229726314544678e-01
9.069909155368804932e-02
9.232661128044128418e-02
9.123373031616210938e-02
8.802676200866699219e-02
8.916856348514556885e-02
9.058473259210586548e-02
9.219304472208023071e-02
9.111953526735305786e-02
8.794710785150527954e-02
8.907513320446014404e-02
9.047947078943252563e-02
9.206864982843399048e-02
9.100078046321868896e-02
8.786322921514511108e-02
8.898083865642547607e-02
9.037517011165618896e-02
9.193998575210571289e-02
9.089192748069763184e-02
8.778865635395050049e-02
8.889047801494598389e-02
1.660661101341247559e-01
1.676033288240432739e-01
1.665497422218322754e-01
1.634623110294342041e-01
1.645363867282867432e-01
1.658859848976135254e-01
1.674014180898666382e-01
1.663660407066345215e-01
1.633000373840332031e-01
1.643681824207305908e-01
1.657070219516754150e-01
1.672028303146362305e-01
1.661802530288696289e-01
1.631524860858917236e-01
1.642010062932968140e-01
1.655292361974716187e-01
1.670086681842803955e-01
1.659949421882629395e-01
1.629991829395294189e-01
1.640356481075286865e-01
9.018684178590774536e-02
9.166479110717773438e-02
9.068182855844497681e-02
8.772472292184829712e-02
8.876925706863403320e-02
9.009003639221191406e-02
9.155082702636718750e-02
9.057461470365524292e-02
8.765408396720886230e-02
8.868622779846191406e-02
8.999554812908172607e-02
9.144026786088943481e-02
9.047607332468032837e-02
8.758254349231719971e-02
8.860281109809875488e-02
8.990290760993957520e-02
9.133687615394592285e-02
9.038095176219940186e-02
8.751410245895385742e-02
8.852294087409973145e-02
1.675850749015808105e-01
1.689889132976531982e-01
1.680273413658142090e-01
1.651695966720581055e-01
1.661540567874908447e-01
1.674126982688903809e-01
1.688000261783599854e-01
1.678513884544372559e-01
1.650200188159942627e-01
1.659926623106002808e-01
1.672441512346267700e-01
1.686128377914428711e-01
1.676758527755737305e-01
1.648712456226348877e-01
1.658316999673843384e-01
1.670757532119750977e-01
1.684263646602630615e-01
1.675004512071609497e-01
1.647229641675949097e-01
1.656727939844131470e-01
8.910934627056121826e-02
9.046821296215057373e-02
8.956429362297058105e-02
8.682424575090408325e-02
8.778513222932815552e-02
8.902148902416229248e-02
9.036675095558166504e-02
8.947721868753433228e-02
8.675986528396606445e-02
8.770997077226638794e-02
8.894000947475433350e-02
9.026923775672912598e-02
8.938501775264739990e-02
8.669506758451461792e-02
8.763609081506729126e-02
8.885674178600311279e-02
9.017370641231536865e-02
8.929740637540817261e-02
8.662968128919601440e-02
8.756334334611892700e-02
1.671862602233886719e-01
1.684786528348922729e-01
1.675970852375030518e-01
1.649363338947296143e-01
1.658421158790588379e-01
1.670263707637786865e-01
1.683015972375869751e-01
1.674267947673797607e-01
1.647919714450836182e-01
1.656863242387771606e-01
1.668646335601806641e-01
1.681247949600219727e-01
1.672620773315429688e-01
1.646457612514495850e-01
1.655317097902297974e-01
1.667001247406005859e-01
1.679503619670867920e-01
1.670935004949569702e-01
1.644966006278991699e-01
1.653782725334167480e-01
8.913694322109222412e-02
9.039257466793060303e-02
8.956614136695861816e-02
8.700115978717803955e-02
8.789083361625671387e-02
8.906024694442749023e-02
9.030032902956008911e-02
8.947899937629699707e-02
8.694607019424438477e-02
8.782264590263366699e-02
8.898157626390457153e-02
9.021632373332977295e-02
8.939732611179351807e-02
8.688369393348693848e-02
8.775506168603897095e-02
8.890609443187713623e-02
9.012688696384429932e-02
8.931989967823028564e-02
8.682239800691604614e-02
8.768801391124725342e-02
1.660557240247726440e-01
1.672477871179580688e-01
1.664296984672546387e-01
1.639383137226104736e-01
1.647780239582061768e-01
1.658954918384552002e-01
1.670803129673004150e-01
1.662712842226028442e-01
1.637979447841644287e-01
1.646280288696289062e-01
1.657394766807556152e-01
1.669127941131591797e-01
1.661100685596466064e-01
1.636487692594528198e-01
1.644784510135650635e-01
1.655835062265396118e-01
1.667437851428985596e-01
1.659528762102127075e-01
1.635110825300216675e-01
1.643306165933609009e-01
8.844444900751113892e-02
8.961087465286254883e-02
8.884093165397644043e-02
8.643727004528045654e-02
8.726369589567184448e-02
8.837090432643890381e-02
8.953231573104858398e-02
8.876958489418029785e-02
8.638129383325576782e-02
8.720061182975769043e-02
8.830002695322036743e-02
8.944819867610931396e-02
8.869117498397827148e-02
8.632512390613555908e-02
8.713810890913009644e-02
8.823271095752716064e-02
8.937233686447143555e-02
8.861978352069854736e-02
8.627030998468399048e-02
8.707554638385772705e-02
1.660582274198532104e-01
1.671769618988037109e-01
1.664129197597503662e-01
1.640597730875015259e-01
1.648444831371307373e-01
1.659055352210998535e-01
1.670124232769012451e-01
1.662564128637313843e-01
1.639188826084136963e-01
1.646974533796310425e-01
1.657550930976867676e-01
1.668482422828674316e-01
1.661021560430526733e-01
1.637807488441467285e-01
1.645516455173492432e-01
1.656005382537841797e-01
1.666871160268783569e-01
1.659445166587829590e-01
1.636428683996200562e-01
1.644058674573898315e-01
8.752123266458511353e-02
8.861730992794036865e-02
8.789434283971786499e-02
8.562246710062026978e-02
8.639967441558837891e-02
8.745532482862472534e-02
8.853990584611892700e-02
8.782884478569030762e-02
8.556415885686874390e-02
8.634030073881149292e-02
8.739078044891357422e-02
8.846454322338104248e-02
8.775885403156280518e-02
8.551652729511260986e-02
8.628188818693161011e-02
8.732331544160842896e-02
8.839751034975051880e-02
8.769201487302780151e-02
8.546426892280578613e-02
8.622379601001739502e-02
1.659778505563735962e-01
1.670281887054443359e-01
1.663098931312561035e-01
1.640803664922714233e-01
1.648181229829788208e-01
1.658318936824798584e-01
1.668680906295776367e-01
1.661610603332519531e-01
1.639418005943298340e-01
1.646739840507507324e-01
1.656795740127563477e-01
1.667135804891586304e-01
1.660075783729553223e-01
1.638063192367553711e-01
1.645307838916778564e-01
1.655326336622238159e-01
1.665534973144531250e-01
1.658576279878616333e-01
1.636668443679809570e-01
1.643868237733840942e-01
8.792246878147125244e-02
8.895502984523773193e-02
8.828034996986389160e-02
8.611980080604553223e-02
8.685302734375000000e-02
8.786051720380783081e-02
8.888495713472366333e-02
8.821415901184082031e-02
8.606929332017898560e-02
8.679643273353576660e-02
8.779870718717575073e-02
8.881862461566925049e-02
8.815064281225204468e-02
8.601763844490051270e-02
8.674111217260360718e-02
8.773657679557800293e-02
8.874955028295516968e-02
8.808496594429016113e-02
8.596487343311309814e-02
8.668543398380279541e-02
1.649384200572967529e-01
1.659307032823562622e-01
1.652529388666152954e-01
1.631302982568740845e-01
1.638254970312118530e-01
1.647929698228836060e-01
1.657756865024566650e-01
1.651034802198410034e-01
1.629942059516906738e-01
1.636838018894195557e-01
1.646483838558197021e-01
1.656258106231689453e-01
1.649577617645263672e-01
1.628572791814804077e-01
1.635434925556182861e-01
1.645008623600006104e-01
1.654708385467529297e-01
1.648088991641998291e-01
1.627209782600402832e-01
1.634024977684020996e-01
8.731741458177566528e-02
8.829669654369354248e-02
8.765865862369537354e-02
8.559788018465042114e-02
8.629225194454193115e-02
8.725813031196594238e-02
8.823389559984207153e-02
8.759447932243347168e-02
8.554990589618682861e-02
8.623827248811721802e-02
8.720023930072784424e-02
8.816637098789215088e-02
8.753564208745956421e-02
8.550177514553070068e-02
8.618538081645965576e-02
8.714233338832855225e-02
8.810290694236755371e-02
8.747448027133941650e-02
8.545032143592834473e-02
8.613248169422149658e-02
1.649602651596069336e-01
1.659033894538879395e-01
1.652600616216659546e-01
1.632304191589355469e-01
1.638886034488677979e-01
1.648190468549728394e-01
1.657488942146301270e-01
1.651137322187423706e-01
1.630945801734924316e-01
1.637495011091232300e-01
1.646732836961746216e-01
1.656010001897811890e-01
1.649695932865142822e-01
1.629603356122970581e-01
1.636100262403488159e-01
1.645324826240539551e-01
1.654507368803024292e-01
1.648227572441101074e-01
1.628242433071136475e-01
1.634707599878311157e-01
8.647057414054870605e-02
8.740431070327758789e-02
8.679471909999847412e-02
8.482613414525985718e-02
8.548435568809509277e-02
8.641469478607177734e-02
8.734299242496490479e-02
8.673855662345886230e-02
8.477943390607833862e-02
8.543340116739273071e-02
8.635819703340530396e-02
8.727876842021942139e-02
8.668060600757598877e-02
8.473139256238937378e-02
8.538277447223663330e-02
8.630333095788955688e-02
8.722016215324401855e-02
8.662264794111251831e-02
8.468447625637054443e-02
8.533207327127456665e-02
1.641870290040969849e-01
1.650821268558502197e-01
1.644700914621353149e-01
1.625214219093322754e-01
1.631508171558380127e-01
1.640454232692718506e-01
1.649356782436370850e-01
1.643268316984176636e-01
1.623896956443786621e-01
1.630125939846038818e-01
1.639053821563720703e-01
1.647867411375045776e-01
1.641838848590850830e-01
1.622582972049713135e-01
1.628754436969757080e-01
1.637630462646484375e-01
1.646409928798675537e-01
1.640409231185913086e-01
1.621229946613311768e-01
1.627380549907684326e-01
8.595789968967437744e-02
8.684837818145751953e-02
8.626960963010787964e-02
8.437556028366088867e-02
8.500561118125915527e-02
8.590342849493026733e-02
8.678781986236572266e-02
8.621525764465332031e-02
8.433213829994201660e-02
8.495674282312393188e-02
8.584908396005630493e-02
8.673343062400817871e-02
8.615902066230773926e-02
8.428555727005004883e-02
8.490800857543945312e-02
8.579744398593902588e-02
8.667369931936264038e-02
8.610375225543975830e-02
8.423771709203720093e-02
8.485939353704452515e-02
0.000000000000000000e+00
0.000000000000000000e+00
0.000000000000000000e+00
0.000000000000000000e+00
0.000000000000000000e+00
0.000000000000000000e+00
0.000000000000000000e+00
0.000000000000000000e+00
0.000000000000000000e+00
0.000000000000000000e+00
0.000000000000000000e+00
0.000000000000000000e+00
0.000000000000000000e+00
0.000000000000000000e+00
0.000000000000000000e+00
0.000000000000000000e+00
0.000000000000000000e+00
0.000000000000000000e+00
0.000000000000000000e+00
0.000000000000000000e+00
0.000000000000000000e+00
0.000000000000000000e+00
0.000000000000000000e+00
0.000000000000000000e+00
0.000000000000000000e+00
0.000000000000000000e+00
0.000000000000000000e+00
0.000000000000000000e+00
0.000000000000000000e+00
0.000000000000000000e+00
0.000000000000000000e+00
0.000000000000000000e+00
0.000000000000000000e+00
0.000000000000000000e+00
0.000000000000000000e+00
0.000000000000000000e+00
0.000000000000000000e+00
0.000000000000000000e+00
0.000000000000000000e+00
0.000000000000000000e+00
0.000000000000000000e+00
0.000000000000000000e+00
0.000000000000000000e+00
0.000000000000000000e+00
0.000000000000000000e+00
0.000000000000000000e+00
0.000000000000000000e+00
0.000000000000000000e+00
0.000000000000000000e+00
0.000000000000000000e+00
0.000000000000000000e+00
0.000000000000000000e+00
0.000000000000000000e+00
0.000000000000000000e+00
0.000000000000000000e+00
0.000000000000000000e+00
0.000000000000000000e+00
0.000000000000000000e+00
0.000000000000000000e+00
0.000000000000000000e+00
0.000000000000000000e+00
0.000000000000000000e+00
0.000000000000000000e+00
0.000000000000000000e+00
0.000000000000000000e+00
0.000000000000000000e+00
0.000000000000000000e+00
0.000000000000000000e+00
0.000000000000000000e+00
0.000000000000000000e+00
0.000000000000000000e+00
0.000000000000000000e+00
0.000000000000000000e+00
0.000000000000000000e+00
0.000000000000000000e+00
0.000000000000000000e+00
0.000000000000000000e+00
0.000000000000000000e+00
0.000000000000000000e+00
0.000000000000000000e+00
0.000000000000000000e+00
0.000000000000000000e+00
0.000000000000000000e+00
0.000000000000000000e+00
0.000000000000000000e+00
0.000000000000000000e+00
0.000000000000000000e+00
0.000000000000000000e+00
0.000000000000000000e+00
0.000000000000000000e+00
0.000000000000000000e+00
0.000000000000000000e+00
0.000000000000000000e+00
0.000000000000000000e+00
0.000000000000000000e+00
0.000000000000000000e+00
0.000000000000000000e+00
0.000000000000000000e+00
0.000000000000000000e+00
0.000000000000000000e+00
0.000000000000000000e+00
0.000000000000000000e+00
0.000000000000000000e+00
0.000000000000000000e+00
0.000000000000000000e+00
0.000000000000000000e+00
0.000000000000000000e+00
0.000000000000000000e+00
0.000000000000000000e+00
0.000000000000000000e+00
0.000000000000000000e+00
0.000000000000000000e+00
0.000000000000000000e+00
0.000000000000000000e+00
0.000000000000000000e+00
0.000000000000000000e+00
0.000000000000000000e+00
0.000000000000000000e+00
0.000000000000000000e+00
0.000000000000000000e+00
0.000000000000000000e+00
0.000000000000000000e+00
0.000000000000000000e+00
0.000000000000000000e+00
0.000000000000000000e+00
0.000000000000000000e+00
0.000000000000000000e+00
0.000000000000000000e+00
0.000000000000000000e+00
0.000000000000000000e+00
0.000000000000000000e+00
0.000000000000000000e+00
0.000000000000000000e+00
0.000000000000000000e+00
0.000000000000000000e+00
0.000000000000000000e+00
0.000000000000000000e+00
0.000000000000000000e+00
0.000000000000000000e+00
0.000000000000000000e+00
0.000000000000000000e+00
0.000000000000000000e+00
0.000000000000000000e+00
0.000000000000000000e+00
0.000000000000000000e+00
0.000000000000000000e+00
0.000000000000000000e+00
0.000000000000000000e+00
0.000000000000000000e+00
0.000000000000000000e+00
0.000000000000000000e+00
0.000000000000000000e+00
0.000000000000000000e+00
0.000000000000000000e+00
0.000000000000000000e+00
0.000000000000000000e+00
0.000000000000000000e+00
0.000000000000000000e+00
0.000000000000000000e+00
0.000000000000000000e+00
0.000000000000000000e+00
0.000000000000000000e+00
0.000000000000000000e+00
0.000000000000000000e+00
0.000000000000000000e+00
0.000000000000000000e+00
0.000000000000000000e+00
0.000000000000000000e+00
0.000000000000000000e+00
0.000000000000000000e+00
0.000000000000000000e+00
0.000000000000000000e+00
0.000000000000000000e+00
0.000000000000000000e+00
0.000000000000000000e+00
0.000000000000000000e+00
0.000000000000000000e+00
0.000000000000000000e+00
0.000000000000000000e+00
0.000000000000000000e+00
0.000000000000000000e+00
0.000000000000000000e+00
0.000000000000000000e+00
0.000000000000000000e+00
0.000000000000000000e+00
0.000000000000000000e+00
0.000000000000000000e+00
0.000000000000000000e+00
0.000000000000000000e+00
0.000000000000000000e+00
0.000000000000000000e+00
0.000000000000000000e+00
0.000000000000000000e+00
0.000000000000000000e+00
0.000000000000000000e+00
0.000000000000000000e+00
0.000000000000000000e+00
0.000000000000000000e+00
0.000000000000000000e+00
0.000000000000000000e+00
0.000000000000000000e+00
0.000000000000000000e+00
0.000000000000000000e+00
0.000000000000000000e+00
0.000000000000000000e+00
0.000000000000000000e+00
0.000000000000000000e+00
0.000000000000000000e+00
0.000000000000000000e+00
0.000000000000000000e+00
0.000000000000000000e+00
0.000000000000000000e+00
0.000000000000000000e+00
0.000000000000000000e+00
0.000000000000000000e+00
0.000000000000000000e+00
0.000000000000000000e+00
0.000000000000000000e+00
0.000000000000000000e+00
0.000000000000000000e+00
0.000000000000000000e+00
0.000000000000000000e+00
0.000000000000000000e+00
0.000000000000000000e+00
0.000000000000000000e+00
0.000000000000000000e+00
0.000000000000000000e+00
0.000000000000000000e+00
0.000000000000000000e+00
0.000000000000000000e+00
0.000000000000000000e+00
0.000000000000000000e+00
0.000000000000000000e+00
0.000000000000000000e+00
0.000000000000000000e+00
0.000000000000000000e+00
0.000000000000000000e+00
0.000000000000000000e+00
0.000000000000000000e+00
0.000000000000000000e+00
0.000000000000000000e+00
0.000000000000000000e+00
0.000000000000000000e+00
0.000000000000000000e+00
0.000000000000000000e+00
0.000000000000000000e+00
0.000000000000000000e+00
0.000000000000000000e+00
0.000000000000000000e+00
0.000000000000000000e+00
0.000000000000000000e+00
0.000000000000000000e+00
0.000000000000000000e+00
0.000000000000000000e+00
0.000000000000000000e+00
0.000000000000000000e+00
0.000000000000000000e+00
0.000000000000000000e+00
0.000000000000000000e+00
0.000000000000000000e+00
0.000000000000000000e+00
0.000000000000000000e+00
0.000000000000000000e+00
0.000000000000000000e+00
0.000000000000000000e+00
0.000000000000000000e+00
0.000000000000000000e+00
0.000000000000000000e+00
0.000000000000000000e+00
0.000000000000000000e+00
0.000000000000000000e+00
0.000000000000000000e+00
0.000000000000000000e+00
0.000000000000000000e+00
0.000000000000000000e+00
0.000000000000000000e+00
0.000000000000000000e+00
0.000000000000000000e+00
0.000000000000000000e+00
0.000000000000000000e+00
0.000000000000000000e+00
0.000000000000000000e+00
0.000000000000000000e+00
0.000000000000000000e+00
0.000000000000000000e+00
0.000000000000000000e+00
0.000000000000000000e+00
0.000000000000000000e+00
0.000000000000000000e+00
0.000000000000000000e+00
0.000000000000000000e+00
0.000000000000000000e+00
0.000000000000000000e+00
0.000000000000000000e+00
0.000000000000000000e+00
0.000000000000000000e+00
0.000000000000000000e+00
0.000000000000000000e+00
0.000000000000000000e+00
0.000000000000000000e+00
0.000000000000000000e+00
0.000000000000000000e+00
0.000000000000000000e+00
0.000000000000000000e+00
0.000000000000000000e+00
0.000000000000000000e+00
0.000000000000000000e+00
0.000000000000000000e+00
0.000000000000000000e+00
0.000000000000000000e+00
0.000000000000000000e+00
0.000000000000000000e+00
0.000000000000000000e+00
0.000000000000000000e+00
0.000000000000000000e+00
0.000000000000000000e+00
0.000000000000000000e+00
0.000000000000000000e+00
0.000000000000000000e+00
0.000000000000000000e+00
0.000000000000000000e+00
0.000000000000000000e+00
0.000000000000000000e+00
0.000000000000000000e+00
0.000000000000000000e+00
0.000000000000000000e+00
0.000000000000000000e+00
0.000000000000000000e+00
0.000000000000000000e+00
0.000000000000000000e+00
0.000000000000000000e+00
0.000000000000000000e+00
0.000000000000000000e+00
0.000000000000000000e+00
0.000000000000000000e+00
0.000000000000000000e+00
0.000000000000000000e+00
0.000000000000000000e+00
0.000000000000000000e+00
0.000000000000000000e+00
0.000000000000000000e+00
0.000000000000000000e+00
0.000000000000000000e+00
0.000000000000000000e+00
0.000000000000000000e+00
0.000000000000000000e+00
0.000000000000000000e+00
0.000000000000000000e+00
0.000000000000000000e+00
0.000000000000000000e+00
0.000000000000000000e+00
0.000000000000000000e+00
0.000000000000000000e+00
0.000000000000000000e+00
0.000000000000000000e+00
0.000000000000000000e+00
0.000000000000000000e+00
0.000000000000000000e+00
0.000000000000000000e+00
0.000000000000000000e+00
0.000000000000000000e+00
0.000000000000000000e+00
0.000000000000000000e+00
0.000000000000000000e+00
0.000000000000000000e+00
0.000000000000000000e+00
0.000000000000000000e+00
0.000000000000000000e+00
0.000000000000000000e+00
0.000000000000000000e+00
0.000000000000000000e+00
0.000000000000000000e+00
0.000000000000000000e+00
0.000000000000000000e+00
0.000000000000000000e+00
0.000000000000000000e+00
0.000000000000000000e+00
0.000000000000000000e+00
0.000000000000000000e+00
0.000000000000000000e+00
0.000000000000000000e+00
0.000000000000000000e+00
0.000000000000000000e+00
0.000000000000000000e+00
0.000000000000000000e+00
0.000000000000000000e+00
0.000000000000000000e+00
0.000000000000000000e+00
0.000000000000000000e+00
0.000000000000000000e+00
0.000000000000000000e+00
0.000000000000000000e+00
0.000000000000000000e+00
0.000000000000000000e+00
0.000000000000000000e+00
0.000000000000000000e+00
0.000000000000000000e+00
0.000000000000000000e+00
0.000000000000000000e+00
0.000000000000000000e+00
0.000000000000000000e+00
0.000000000000000000e+00
0.000000000000000000e+00
0.000000000000000000e+00
0.000000000000000000e+00
0.000000000000000000e+00
0.000000000000000000e+00
0.000000000000000000e+00
0.000000000000000000e+00
0.000000000000000000e+00
0.000000000000000000e+00
0.000000000000000000e+00
0.000000000000000000e+00
0.000000000000000000e+00
0.000000000000000000e+00
0.000000000000000000e+00
0.000000000000000000e+00
0.000000000000000000e+00
0.000000000000000000e+00
0.000000000000000000e+00
0.000000000000000000e+00
0.000000000000000000e+00
0.000000000000000000e+00
0.000000000000000000e+00
0.000000000000000000e+00
0.000000000000000000e+00
0.000000000000000000e+00
0.000000000000000000e+00
0.000000000000000000e+00
0.000000000000000000e+00
0.000000000000000000e+00
0.000000000000000000e+00
0.000000000000000000e+00
0.000000000000000000e+00
0.000000000000000000e+00
0.000000000000000000e+00
0.000000000000000000e+00
0.000000000000000000e+00
0.000000000000000000e+00
0.000000000000000000e+00
0.000000000000000000e+00
0.000000000000000000e+00
0.000000000000000000e+00
0.000000000000000000e+00
0.000000000000000000e+00
0.000000000000000000e+00
0.000000000000000000e+00
0.000000000000000000e+00
0.000000000000000000e+00
0.000000000000000000e+00
0.000000000000000000e+00
0.000000000000000000e+00
0.000000000000000000e+00
0.000000000000000000e+00
0.000000000000000000e+00
0.000000000000000000e+00
0.000000000000000000e+00
0.000000000000000000e+00
0.000000000000000000e+00
0.000000000000000000e+00
0.000000000000000000e+00
0.000000000000000000e+00
0.000000000000000000e+00
0.000000000000000000e+00
0.000000000000000000e+00
0.000000000000000000e+00
0.000000000000000000e+00
0.000000000000000000e+00
0.000000000000000000e+00
0.000000000000000000e+00
0.000000000000000000e+00
0.000000000000000000e+00
0.000000000000000000e+00
0.000000000000000000e+00
0.000000000000000000e+00
0.000000000000000000e+00
0.000000000000000000e+00
0.000000000000000000e+00
0.000000000000000000e+00
0.000000000000000000e+00
0.000000000000000000e+00
0.000000000000000000e+00
0.000000000000000000e+00
0.000000000000000000e+00
0.000000000000000000e+00
0.000000000000000000e+00
0.000000000000000000e+00
0.000000000000000000e+00
0.000000000000000000e+00
0.000000000000000000e+00
0.000000000000000000e+00
0.000000000000000000e+00
0.000000000000000000e+00
0.000000000000000000e+00
0.000000000000000000e+00
0.000000000000000000e+00
0.000000000000000000e+00
0.000000000000000000e+00
0.000000000000000000e+00
0.000000000000000000e+00
0.000000000000000000e+00
0.000000000000000000e+00
0.000000000000000000e+00
0.000000000000000000e+00
0.000000000000000000e+00
0.000000000000000000e+00
0.000000000000000000e+00
0.000000000000000000e+00
0.000000000000000000e+00
0.000000000000000000e+00
0.000000000000000000e+00
0.000000000000000000e+00
0.000000000000000000e+00
0.000000000000000000e+00
0.000000000000000000e+00
0.000000000000000000e+00
0.000000000000000000e+00
0.000000000000000000e+00
0.000000000000000000e+00
0.000000000000000000e+00
0.000000000000000000e+00
0.000000000000000000e+00
0.000000000000000000e+00
0.000000000000000000e+00
0.000000000000000000e+00
0.000000000000000000e+00
0.000000000000000000e+00
0.000000000000000000e+00
0.000000000000000000e+00
0.000000000000000000e+00
0.000000000000000000e+00
0.000000000000000000e+00
0.000000000000000000e+00
0.000000000000000000e+00
0.000000000000000000e+00
0.000000000000000000e+00
0.000000000000000000e+00
0.000000000000000000e+00
0.000000000000000000e+00
0.000000000000000000e+00
0.000000000000000000e+00
0.000000000000000000e+00
0.000000000000000000e+00
0.000000000000000000e+00
0.000000000000000000e+00
0.000000000000000000e+00
0.000000000000000000e+00
0.000000000000000000e+00
0.000000000000000000e+00
0.000000000000000000e+00
0.000000000000000000e+00
0.000000000000000000e+00
0.000000000000000000e+00
0.000000000000000000e+00
0.000000000000000000e+00
0.000000000000000000e+00
0.000000000000000000e+00
0.000000000000000000e+00
0.000000000000000000e+00
0.000000000000000000e+00
0.000000000000000000e+00
0.000000000000000000e+00
0.000000000000000000e+00
0.000000000000000000e+00
0.000000000000000000e+00
0.000000000000000000e+00
0.000000000000000000e+00
0.000000000000000000e+00
0.000000000000000000e+00
0.000000000000000000e+00
0.000000000000000000e+00
0.000000000000000000e+00
0.000000000000000000e+00
0.000000000000000000e+00
0.000000000000000000e+00
0.000000000000000000e+00
0.000000000000000000e+00
0.000000000000000000e+00
0.000000000000000000e+00
0.000000000000000000e+00
0.000000000000000000e+00
0.000000000000000000e+00
0.000000000000000000e+00
0.000000000000000000e+00
0.000000000000000000e+00
0.000000000000000000e+00
0.000000000000000000e+00
0.000000000000000000e+00
0.000000000000000000e+00
0.000000000000000000e+00
0.000000000000000000e+00
0.000000000000000000e+00
0.000000000000000000e+00
0.000000000000000000e+00
0.000000000000000000e+00
0.000000000000000000e+00
0.000000000000000000e+00
0.000000000000000000e+00
0.000000000000000000e+00
0.000000000000000000e+00
0.000000000000000000e+00
0.000000000000000000e+00
0.000000000000000000e+00
0.000000000000000000e+00
0.000000000000000000e+00
0.000000000000000000e+00
0.000000000000000000e+00
0.000000000000000000e+00
0.000000000000000000e+00
0.000000000000000000e+00
0.000000000000000000e+00
0.000000000000000000e+00
0.000000000000000000e+00
0.000000000000000000e+00
0.000000000000000000e+00
0.000000000000000000e+00
0.000000000000000000e+00
0.000000000000000000e+00
0.000000000000000000e+00
0.000000000000000000e+00
0.000000000000000000e+00
0.000000000000000000e+00
0.000000000000000000e+00
0.000000000000000000e+00
0.000000000000000000e+00
0.000000000000000000e+00
0.000000000000000000e+00
0.000000000000000000e+00
0.000000000000000000e+00
0.000000000000000000e+00
0.000000000000000000e+00
0.000000000000000000e+00
0.000000000000000000e+00
0.000000000000000000e+00
0.000000000000000000e+00
0.000000000000000000e+00
0.000000000000000000e+00
0.000000000000000000e+00
0.000000000000000000e+00
0.000000000000000000e+00
0.000000000000000000e+00
0.000000000000000000e+00
0.000000000000000000e+00
0.000000000000000000e+00
0.000000000000000000e+00
0.000000000000000000e+00
0.000000000000000000e+00
0.000000000000000000e+00
0.000000000000000000e+00
0.000000000000000000e+00
0.000000000000000000e+00
0.000000000000000000e+00
0.000000000000000000e+00
0.000000000000000000e+00
0.000000000000000000e+00
0.000000000000000000e+00
0.000000000000000000e+00
0.000000000000000000e+00
0.000000000000000000e+00
0.000000000000000000e+00
0.000000000000000000e+00
0.000000000000000000e+00
0.000000000000000000e+00
0.000000000000000000e+00
0.000000000000000000e+00
0.000000000000000000e+00
0.000000000000000000e+00
0.000000000000000000e+00
0.000000000000000000e+00
0.000000000000000000e+00
0.000000000000000000e+00
0.000000000000000000e+00
0.000000000000000000e+00
0.000000000000000000e+00
0.000000000000000000e+00
0.000000000000000000e+00
0.000000000000000000e+00
0.000000000000000000e+00
0.000000000000000000e+00
0.000000000000000000e+00
0.000000000000000000e+00
0.000000000000000000e+00
0.000000000000000000e+00
0.000000000000000000e+00
0.000000000000000000e+00
0.000000000000000000e+00
0.000000000000000000e+00
0.000000000000000000e+00
0.000000000000000000e+00
0.000000000000000000e+00
0.000000000000000000e+00
0.000000000000000000e+00
0.000000000000000000e+00
0.000000000000000000e+00
0.000000000000000000e+00
0.000000000000000000e+00
0.000000000000000000e+00
0.000000000000000000e+00
0.000000000000000000e+00
0.000000000000000000e+00
0.000000000000000000e+00
0.000000000000000000e+00
0.000000000000000000e+00
0.000000000000000000e+00
0.000000000000000000e+00
0.000000000000000000e+00
0.000000000000000000e+00
0.000000000000000000e+00
0.000000000000000000e+00
0.000000000000000000e+00
0.000000000000000000e+00
0.000000000000000000e+00
0.000000000000000000e+00
0.000000000000000000e+00
0.000000000000000000e+00
0.000000000000000000e+00
0.000000000000000000e+00
0.000000000000000000e+00
0.000000000000000000e+00
0.000000000000000000e+00
0.000000000000000000e+00
0.000000000000000000e+00
0.000000000000000000e+00
0.000000000000000000e+00
0.000000000000000000e+00
0.000000000000000000e+00
0.000000000000000000e+00
0.000000000000000000e+00
0.000000000000000000e+00
0.000000000000000000e+00
0.000000000000000000e+00
0.000000000000000000e+00
0.000000000000000000e+00
0.000000000000000000e+00
0.000000000000000000e+00
0.000000000000000000e+00
0.000000000000000000e+00
0.000000000000000000e+00
0.000000000000000000e+00
0.000000000000000000e+00
0.000000000000000000e+00
0.000000000000000000e+00
0.000000000000000000e+00
0.000000000000000000e+00
0.000000000000000000e+00
0.000000000000000000e+00
0.000000000000000000e+00
0.000000000000000000e+00
0.000000000000000000e+00
0.000000000000000000e+00
0.000000000000000000e+00
0.000000000000000000e+00
0.000000000000000000e+00
0.000000000000000000e+00
0.000000000000000000e+00
0.000000000000000000e+00
0.000000000000000000e+00
0.000000000000000000e+00
0.000000000000000000e+00
0.000000000000000000e+00
0.000000000000000000e+00
0.000000000000000000e+00
0.000000000000000000e+00
0.000000000000000000e+00
0.000000000000000000e+00
0.000000000000000000e+00
0.000000000000000000e+00
0.000000000000000000e+00
0.000000000000000000e+00
0.000000000000000000e+00
0.000000000000000000e+00
0.000000000000000000e+00
0.000000000000000000e+00
0.000000000000000000e+00
0.000000000000000000e+00
0.000000000000000000e+00
0.000000000000000000e+00
0.000000000000000000e+00
0.000000000000000000e+00
0.000000000000000000e+00
0.000000000000000000e+00
0.000000000000000000e+00
0.000000000000000000e+00
0.000000000000000000e+00
0.000000000000000000e+00
0.000000000000000000e+00
0.000000000000000000e+00
0.000000000000000000e+00
0.000000000000000000e+00
0.000000000000000000e+00
0.000000000000000000e+00
0.000000000000000000e+00
0.000000000000000000e+00
0.000000000000000000e+00
0.000000000000000000e+00
0.000000000000000000e+00
0.000000000000000000e+00
0.000000000000000000e+00
0.000000000000000000e+00
0.000000000000000000e+00
0.000000000000000000e+00
0.000000000000000000e+00
0.000000000000000000e+00
0.000000000000000000e+00
0.000000000000000000e+00
0.000000000000000000e+00
0.000000000000000000e+00
0.000000000000000000e+00
0.000000000000000000e+00
0.000000000000000000e+00
0.000000000000000000e+00
0.000000000000000000e+00
0.000000000000000000e+00
0.000000000000000000e+00
0.000000000000000000e+00
0.000000000000000000e+00
0.000000000000000000e+00
0.000000000000000000e+00
0.000000000000000000e+00
0.000000000000000000e+00
0.000000000000000000e+00
0.000000000000000000e+00
0.000000000000000000e+00
0.000000000000000000e+00
0.000000000000000000e+00
0.000000000000000000e+00
0.000000000000000000e+00
0.000000000000000000e+00
0.000000000000000000e+00
0.000000000000000000e+00
0.000000000000000000e+00
0.000000000000000000e+00
0.000000000000000000e+00
0.000000000000000000e+00
0.000000000000000000e+00
0.000000000000000000e+00
0.000000000000000000e+00
0.000000000000000000e+00
0.000000000000000000e+00
0.000000000000000000e+00
0.000000000000000000e+00
0.000000000000000000e+00
0.000000000000000000e+00
0.000000000000000000e+00
0.000000000000000000e+00
0.000000000000000000e+00
0.000000000000000000e+00
0.000000000000000000e+00
0.000000000000000000e+00
0.000000000000000000e+00
0.000000000000000000e+00
0.000000000000000000e+00
0.000000000000000000e+00
0.000000000000000000e+00
0.000000000000000000e+00
0.000000000000000000e+00
0.000000000000000000e+00
0.000000000000000000e+00
0.000000000000000000e+00
0.000000000000000000e+00
0.000000000000000000e+00
0.000000000000000000e+00
0.000000000000000000e+00
0.000000000000000000e+00
0.000000000000000000e+00
0.000000000000000000e+00
0.000000000000000000e+00
0.000000000000000000e+00
0.000000000000000000e+00
0.000000000000000000e+00
0.000000000000000000e+00
0.000000000000000000e+00
0.000000000000000000e+00
0.000000000000000000e+00
0.000000000000000000e+00
0.000000000000000000e+00
0.000000000000000000e+00
0.000000000000000000e+00
0.000000000000000000e+00
0.000000000000000000e+00
0.000000000000000000e+00
0.000000000000000000e+00
0.000000000000000000e+00
0.000000000000000000e+00
0.000000000000000000e+00
0.000000000000000000e+00
0.000000000000000000e+00
0.000000000000000000e+00
0.000000000000000000e+00
0.000000000000000000e+00
0.000000000000000000e+00
0.000000000000000000e+00
0.000000000000000000e+00
0.000000000000000000e+00
0.000000000000000000e+00
0.000000000000000000e+00
0.000000000000000000e+00
0.000000000000000000e+00
0.000000000000000000e+00
0.000000000000000000e+00
0.000000000000000000e+00
0.000000000000000000e+00
0.000000000000000000e+00
0.000000000000000000e+00
0.000000000000000000e+00
0.000000000000000000e+00
0.000000000000000000e+00
0.000000000000000000e+00
0.000000000000000000e+00
0.000000000000000000e+00
0.000000000000000000e+00
0.000000000000000000e+00
0.000000000000000000e+00
0.000000000000000000e+00
0.000000000000000000e+00
0.000000000000000000e+00
0.000000000000000000e+00
0.000000000000000000e+00
0.000000000000000000e+00
0.000000000000000000e+00
0.000000000000000000e+00
0.000000000000000000e+00
0.000000000000000000e+00
0.000000000000000000e+00
0.000000000000000000e+00
0.000000000000000000e+00
0.000000000000000000e+00
0.000000000000000000e+00
0.000000000000000000e+00
0.000000000000000000e+00
0.000000000000000000e+00
0.000000000000000000e+00
0.000000000000000000e+00
0.000000000000000000e+00
0.000000000000000000e+00
0.000000000000000000e+00
0.000000000000000000e+00
0.000000000000000000e+00
0.000000000000000000e+00
0.000000000000000000e+00
0.000000000000000000e+00
0.000000000000000000e+00
0.000000000000000000e+00
0.000000000000000000e+00
0.000000000000000000e+00
0.000000000000000000e+00
0.000000000000000000e+00
0.000000000000000000e+00
0.000000000000000000e+00
0.000000000000000000e+00
0.000000000000000000e+00
0.000000000000000000e+00
0.000000000000000000e+00
0.000000000000000000e+00
0.000000000000000000e+00
0.000000000000000000e+00
0.000000000000000000e+00
0.000000000000000000e+00
0.000000000000000000e+00
0.000000000000000000e+00
0.000000000000000000e+00
0.000000000000000000e+00
0.000000000000000000e+00
0.000000000000000000e+00
0.000000000000000000e+00
0.000000000000000000e+00
0.000000000000000000e+00
0.000000000000000000e+00
0.000000000000000000e+00
0.000000000000000000e+00
0.000000000000000000e+00
0.000000000000000000e+00
0.000000000000000000e+00
0.000000000000000000e+00
0.000000000000000000e+00
0.000000000000000000e+00
0.000000000000000000e+00
0.000000000000000000e+00
0.000000000000000000e+00
0.000000000000000000e+00
0.000000000000000000e+00
0.000000000000000000e+00
0.000000000000000000e+00
0.000000000000000000e+00
0.000000000000000000e+00
0.000000000000000000e+00
0.000000000000000000e+00
0.000000000000000000e+00
0.000000000000000000e+00
0.000000000000000000e+00
0.000000000000000000e+00
0.000000000000000000e+00
0.000000000000000000e+00
0.000000000000000000e+00
0.000000000000000000e+00
0.000000000000000000e+00
0.000000000000000000e+00
0.000000000000000000e+00
0.000000000000000000e+00
