7.199999999999999734e-01
1.131329894065856934e+00
1.091030478477478027e+00
1.121383905410766602e+00
1.051540970802307129e+00
1.115901231765747070e+00
1.015787839889526367e+00
1.118463158607482910e+00
1.023748278617858887e+00
1.080074906349182129e+00
1.008554100990295410e+00
9.234864711761474609e-01
1.119443774223327637e+00
8.972432613372802734e-01
1.115566968917846680e+00
8.695102930068969727e-01
1.117754101753234863e+00
9.103826880455017090e-01
1.056317329406738281e+00
9.107890129089355469e-01
7.922304272651672363e-01
1.101766943931579590e+00
7.787207961082458496e-01
1.086038589477539062e+00
7.577983140945434570e-01
1.075137495994567871e+00
7.941200733184814453e-01
1.007148385047912598e+00
8.098729848861694336e-01
6.685091853141784668e-01
1.024574875831604004e+00
6.596513390541076660e-01
9.951680898666381836e-01
6.361780166625976562e-01
9.732554554939270020e-01
6.474128365516662598e-01
9.067403078079223633e-01
6.831356287002563477e-01
5.179498195648193359e-01
9.003951549530029297e-01
5.149936079978942871e-01
8.608826398849487305e-01
4.933491945266723633e-01
8.424796462059020996e-01
4.885846972465515137e-01
7.682037353515625000e-01
5.500379204750061035e-01
3.688058257102966309e-01
7.709514498710632324e-01
3.734732568264007568e-01
7.204914689064025879e-01
3.682201504707336426e-01
7.226070165634155273e-01
3.580568432807922363e-01
6.309508681297302246e-01
4.414992928504943848e-01
2.604391276836395264e-01
6.662973165512084961e-01
2.678012847900390625e-01
6.002760529518127441e-01
2.839609682559967041e-01
6.385648250579833984e-01
2.782610058784484863e-01
5.232948064804077148e-01
3.745728433132171631e-01
2.008507400751113892e-01
5.949267745018005371e-01
2.055577635765075684e-01
5.104467868804931641e-01
2.410233020782470703e-01
5.678170323371887207e-01
2.231329679489135742e-01
4.315421879291534424e-01
3.269839286804199219e-01
1.620175093412399292e-01
5.297937989234924316e-01
1.626244783401489258e-01
4.283489882946014404e-01
2.118088006973266602e-01
5.054358243942260742e-01
1.860669255256652832e-01
3.936067223548889160e-01
3.365523219108581543e-01
1.778860390186309814e-01
5.075410604476928711e-01
1.750648021697998047e-01
3.965624272823333740e-01
2.342745661735534668e-01
4.863699674606323242e-01
1.979626119136810303e-01
3.287303149700164795e-01
3.138688504695892334e-01
1.605116277933120728e-01
4.501818120479583740e-01
1.553524285554885864e-01
3.357641994953155518e-01
2.219011038541793823e-01
4.316989481449127197e-01
1.757718622684478760e-01
2.752303779125213623e-01
2.933174967765808105e-01
1.069885715842247009e-01
3.561120331287384033e-01
1.004967913031578064e-01
2.452873438596725464e-01
1.705822497606277466e-01
3.424804806709289551e-01
1.168920025229454041e-01
1.927312761545181274e-01
2.343522459268569946e-01
9.594205766916275024e-02
3.089628517627716064e-01
8.853197097778320312e-02
2.055898457765579224e-01
1.596590429544448853e-01
2.988106906414031982e-01
1.014517918229103088e-01
1.607516407966613770e-01
2.142469435930252075e-01
8.651450276374816895e-02
2.691815495491027832e-01
1.201969459652900696e-01
2.158817946910858154e-01
1.898285895586013794e-01
3.025090694427490234e-01
1.305432766675949097e-01
1.778881251811981201e-01
2.365311086177825928e-01
1.203601509332656860e-01
2.762176394462585449e-01
1.129277944564819336e-01
1.924145221710205078e-01
1.794682443141937256e-01
2.699323594570159912e-01
1.211697608232498169e-01
1.598853766918182373e-01
2.184046804904937744e-01
1.143287420272827148e-01
2.476616203784942627e-01
1.073840856552124023e-01
1.742395907640457153e-01
1.378563493490219116e-01
2.120120227336883545e-01
8.291785418987274170e-02
1.154011934995651245e-01
1.712156385183334351e-01
7.848651707172393799e-02
1.927547752857208252e-01
7.203298062086105347e-02
1.290184706449508667e-01
1.286426037549972534e-01
1.889203637838363647e-01
7.734522223472595215e-02
1.050764024257659912e-01
1.567709147930145264e-01
7.461699843406677246e-02
1.729065775871276855e-01
6.861965358257293701e-02
1.180094778537750244e-01
1.199717521667480469e-01
1.700694411993026733e-01
1.043663471937179565e-01
1.284306794404983521e-01
1.754944622516632080e-01
1.028139889240264893e-01
1.879118084907531738e-01
9.728288650512695312e-02
1.405486762523651123e-01
1.439945399761199951e-01
1.855038106441497803e-01
1.009539067745208740e-01
1.221855580806732178e-01
1.648388206958770752e-01
1.002916246652603149e-01
1.743602454662322998e-01
9.518326818943023682e-02
1.334246397018432617e-01
1.370608657598495483e-01
1.728291809558868408e-01
9.825904667377471924e-02
1.171880066394805908e-01
1.271566003561019897e-01
6.980088353157043457e-02
1.348056346178054810e-01
6.508756428956985474e-02
9.929554164409637451e-02
1.030031293630599976e-01
1.336223036050796509e-01
6.774273514747619629e-02
8.476831763982772827e-02
1.193698197603225708e-01
6.809832900762557983e-02
1.255052387714385986e-01
6.373403966426849365e-02
9.455472230911254883e-02
9.806299209594726562e-02
1.246627196669578552e-01
6.603623181581497192e-02
8.146130293607711792e-02
1.126356273889541626e-01
6.668283045291900635e-02
1.495716273784637451e-01
9.447944164276123047e-02
1.224048882722854614e-01
1.256743371486663818e-01
1.489328742027282715e-01
9.643816947937011719e-02
1.105630844831466675e-01
1.387628465890884399e-01
9.729444980621337891e-02
1.430342644453048706e-01
9.352579712867736816e-02
1.190531998872756958e-01
1.219861432909965515e-01
1.425822377204895020e-01
9.524413943290710449e-02
1.082278043031692505e-01
1.339392960071563721e-01
9.626231342554092407e-02
1.374172866344451904e-01
9.270748496055603027e-02
8.444534987211227417e-02
8.700955659151077271e-02
1.054766848683357239e-01
6.252038478851318359e-02
7.448815554380416870e-02
9.785903245210647583e-02
6.363167613744735718e-02
1.009706258773803711e-01
6.030616536736488342e-02
8.201293647289276123e-02
8.425764739513397217e-02
1.008654236793518066e-01
6.169131025671958923e-02
7.282534986734390259e-02
9.429313987493515015e-02
6.290002912282943726e-02
9.685014188289642334e-02
5.975420027971267700e-02
7.988785952329635620e-02
8.180113881826400757e-02
1.292923837900161743e-01
9.336767345666885376e-02
1.037067696452140808e-01
1.234863549470901489e-01
9.460389614105224609e-02
1.256494820117950439e-01
9.160938113927841187e-02
1.103762015700340271e-01
1.120276302099227905e-01
1.258247345685958862e-01
9.270569682121276855e-02
1.024240851402282715e-01
1.206382066011428833e-01
9.398464113473892212e-02
1.225746423006057739e-01
9.114263951778411865e-02
1.087184697389602661e-01
1.100841760635375977e-01
1.228308826684951782e-01
9.214472770690917969e-02
7.028845697641372681e-02
8.715414255857467651e-02
6.246725469827651978e-02
8.888781070709228516e-02
5.976613610982894897e-02
7.630026340484619141e-02
7.743661105632781982e-02
8.923071622848510742e-02
6.070540845394134521e-02
6.931079924106597900e-02
8.496731519699096680e-02
6.201712787151336670e-02
8.654293417930603027e-02
5.944315716624259949e-02
7.502182573080062866e-02
7.595168054103851318e-02
8.692948520183563232e-02
6.032150238752365112e-02
6.840637326240539551e-02
8.302662521600723267e-02
9.264558553695678711e-02
1.154837086796760559e-01
9.017300605773925781e-02
1.048982664942741394e-01
1.056506186723709106e-01
1.158854961395263672e-01
9.096161276102066040e-02
9.862558543682098389e-02
1.123379617929458618e-01
9.223893284797668457e-02
1.135557442903518677e-01
8.986392617225646973e-02
1.038186848163604736e-01
1.044148057699203491e-01
1.140091419219970703e-01
9.059492498636245728e-02
9.785956144332885742e-02
1.107073798775672913e-01
9.185402840375900269e-02
1.118593364953994751e-01
5.866314470767974854e-02
7.192999124526977539e-02
7.240451872348785400e-02
8.141524344682693481e-02
5.936232209205627441e-02
6.629171222448348999e-02
7.841702550649642944e-02
6.063272058963775635e-02
7.943494617938995361e-02
5.844869464635848999e-02
7.109228521585464478e-02
7.142776995897293091e-02
7.994942367076873779e-02
5.910652130842208862e-02
6.571817398071289062e-02
7.718192785978317261e-02
6.036826223134994507e-02
7.806069403886795044e-02
5.826154723763465881e-02
7.031713426113128662e-02
1.014174968004226685e-01
1.094741970300674438e-01
8.972784876823425293e-02
9.604720771312713623e-02
1.068685501813888550e-01
9.095852077007293701e-02
1.076712459325790405e-01
8.891138434410095215e-02
1.004387140274047852e-01
1.005593463778495789e-01
1.082285940647125244e-01
8.946271240711212158e-02
9.550333023071289062e-02
1.057765334844589233e-01
9.067183732986450195e-02
1.065044701099395752e-01
8.868823945522308350e-02
9.974725544452667236e-02
9.977971017360687256e-02
1.070658415555953979e-01
5.837980285286903381e-02
6.416010856628417969e-02
7.396177202463150024e-02
5.958370119333267212e-02
7.461494207382202148e-02
5.767684802412986755e-02
6.829415261745452881e-02
6.825990229845046997e-02
7.520923018455505371e-02
5.819118767976760864e-02
6.377012282609939575e-02
7.305693626403808594e-02
5.938166007399559021e-02
7.368849962949752808e-02
5.753443390130996704e-02
6.774590164422988892e-02
6.763532757759094238e-02
7.428019493818283081e-02
5.802182108163833618e-02
6.339719146490097046e-02
1.029906123876571655e-01
8.989803493022918701e-02
1.034905314445495605e-01
8.808700740337371826e-02
9.790971875190734863e-02
9.773315489292144775e-02
1.040979772806167603e-01
8.852716535329818726e-02
9.368206560611724854e-02
1.021344363689422607e-01
8.965630829334259033e-02
1.026768833398818970e-01
8.790731430053710938e-02
9.737697988748550415e-02
9.716320037841796875e-02
1.032287776470184326e-01
8.832022547721862793e-02
9.330488741397857666e-02
1.014142781496047974e-01
8.943760395050048828e-02
7.102079689502716064e-02
5.688551068305969238e-02
6.604488193988800049e-02
6.577547639608383179e-02
7.162516564130783081e-02
5.730956047773361206e-02
6.212391331791877747e-02
6.992167234420776367e-02
5.842775851488113403e-02
7.033222168684005737e-02
5.677673220634460449e-02
6.562745571136474609e-02
6.531774997711181641e-02
7.094138115644454956e-02
5.718087404966354370e-02
6.183887273073196411e-02
6.930401921272277832e-02
5.827863514423370361e-02
6.970670074224472046e-02
5.667189881205558777e-02
9.606980532407760620e-02
9.571479260921478271e-02
1.011229306459426880e-01
8.786496520042419434e-02
9.238339960575103760e-02
9.955563396215438843e-02
8.893282711505889893e-02
9.989366680383682251e-02
8.735086768865585327e-02
9.564481675624847412e-02
9.525223821401596069e-02
1.004764139652252197e-01
8.768957853317260742e-02
9.206589311361312866e-02
9.895326197147369385e-02
8.873591572046279907e-02
9.929697215557098389e-02
8.719359338283538818e-02
9.524119645357131958e-02
9.481988847255706787e-02
6.914527714252471924e-02
5.681170523166656494e-02
6.105752661824226379e-02
6.772734224796295166e-02
5.786344408988952637e-02
6.802461296319961548e-02
5.636669322848320007e-02
6.418588012456893921e-02
6.375078111886978149e-02
6.861832737922668457e-02
5.670291930437088013e-02
6.083634123206138611e-02
6.725732982158660889e-02
5.774160474538803101e-02
6.754064559936523438e-02
5.627797544002532959e-02
6.387849897146224976e-02
6.340497732162475586e-02
6.814105063676834106e-02
5.660431087017059326e-02
9.159187972545623779e-02
9.778736531734466553e-02
8.858488500118255615e-02
9.803083539009094238e-02
8.713851869106292725e-02
9.452293813228607178e-02
9.402527660131454468e-02
9.860081225633621216e-02
8.742308616638183594e-02
9.132717549800872803e-02
9.732535481452941895e-02
8.841298520565032959e-02
9.753786772489547729e-02
8.699482679367065430e-02
9.418572485446929932e-02
9.367294609546661377e-02
9.810246527194976807e-02
8.726656436920166016e-02
9.107234328985214233e-02
9.686250984668731689e-02
5.727574974298477173e-02
6.612686067819595337e-02
5.590221285820007324e-02
6.292032450437545776e-02
6.238796189427375793e-02
6.670796126127243042e-02
5.619469285011291504e-02
5.990478396415710449e-02
6.552933156490325928e-02
5.717363953590393066e-02
6.573428958654403687e-02
5.582637712359428406e-02
6.266670674085617065e-02
6.212355196475982666e-02
6.631061434745788574e-02
5.610713362693786621e-02
5.972977355122566223e-02
6.517397612333297729e-02
5.707179754972457886e-02
6.537289917469024658e-02
8.678731322288513184e-02
9.345205128192901611e-02
9.289024025201797485e-02
9.695352613925933838e-02
8.702956140041351318e-02
9.056033939123153687e-02
9.583710134029388428e-02
8.796105533838272095e-02
9.600583463907241821e-02
8.665041625499725342e-02
9.316398203372955322e-02
9.258850663900375366e-02
9.653925895690917969e-02
8.688337355852127075e-02
9.033758938312530518e-02
9.546700865030288696e-02
8.780516684055328369e-02
9.560935199260711670e-02
8.651594072580337524e-02
9.288260340690612793e-02
6.148874014616012573e-02
6.536144763231277466e-02
5.595687776803970337e-02
5.934080109000205994e-02
6.433132290840148926e-02
5.688644945621490479e-02
6.448159366846084595e-02
5.563370138406753540e-02
6.186774373054504395e-02
6.126442179083824158e-02
6.504654884338378906e-02
5.587971955537796021e-02
5.918902158737182617e-02
6.403210014104843140e-02
5.679515004158020020e-02
6.418777257204055786e-02
5.556611344218254089e-02
6.166284158825874329e-02
6.104898452758789062e-02
6.474322080612182617e-02
8.655471354722976685e-02
8.978413045406341553e-02
9.448273479938507080e-02
8.743385225534439087e-02
9.463054686784744263e-02
8.621232211589813232e-02
9.217692911624908447e-02
9.155289828777313232e-02
9.513844549655914307e-02
8.641634881496429443e-02
8.958002924919128418e-02
9.417533129453659058e-02
8.728873729705810547e-02
9.428314119577407837e-02
8.608224987983703613e-02
9.192559123039245605e-02
9.129318594932556152e-02
9.480080008506774902e-02
8.627700805664062500e-02
8.938434720039367676e-02
6.311172246932983398e-02
5.640180781483650208e-02
6.322725117206573486e-02
5.522751808166503906e-02
6.096366047859191895e-02
6.032616272568702698e-02
6.377059221267700195e-02
5.544746667146682739e-02
5.849553272128105164e-02
6.286960840225219727e-02
5.631988868117332458e-02
6.297703832387924194e-02
5.516435950994491577e-02
6.078734248876571655e-02
6.014610454440116882e-02
6.351217627525329590e-02
5.537664890289306641e-02
5.837107077240943909e-02
6.262824684381484985e-02
5.623931810259819031e-02
9.354006499052047729e-02
8.589662611484527588e-02
9.140671789646148682e-02
9.074608981609344482e-02
9.404689073562622070e-02
8.607713878154754639e-02
8.900216966867446899e-02
9.316775947809219360e-02
8.690825104713439941e-02
9.324075281620025635e-02
8.577038347721099854e-02
9.117893874645233154e-02
9.051950275897979736e-02
9.374271333217620850e-02
8.594354987144470215e-02
8.881913125514984131e-02
9.287869930267333984e-02
8.676519989967346191e-02
9.296038746833801270e-02
8.564373850822448730e-02
6.015223637223243713e-02
5.949484929442405701e-02
6.266158074140548706e-02
5.502895265817642212e-02
5.786168575286865234e-02
6.184501573443412781e-02
5.586519837379455566e-02
6.192024052143096924e-02
5.477197095751762390e-02
5.999719724059104919e-02
5.933102965354919434e-02
6.244454532861709595e-02
5.496346950531005859e-02
5.775040388107299805e-02
6.163992360234260559e-02
5.579059571027755737e-02
6.171254068613052368e-02
5.471224337816238403e-02
5.984672531485557556e-02
5.917931348085403442e-02
9.310127794742584229e-02
8.576479554176330566e-02
8.849246799945831299e-02
9.229606389999389648e-02
8.655991405248641968e-02
9.234817326068878174e-02
8.548170328140258789e-02
9.052255749702453613e-02
8.984725177288055420e-02
9.283073991537094116e-02
8.563420176506042480e-02
8.832214772701263428e-02
9.203737974166870117e-02
8.642195165157318115e-02
9.209439158439636230e-02
8.535666018724441528e-02
9.031862765550613403e-02
8.963741362094879150e-02
9.257273375988006592e-02
8.550745248794555664e-02
5.754993855953216553e-02
6.121093034744262695e-02
5.570479482412338257e-02
6.126074120402336121e-02
5.466472357511520386e-02
5.955432355403900146e-02
5.887917056679725647e-02
6.176608800888061523e-02
5.483961105346679688e-02
5.744907259941101074e-02
6.102169305086135864e-02
5.563251674175262451e-02
6.108461692929267883e-02
5.460735410451889038e-02
5.941955000162124634e-02
5.874082818627357483e-02
6.158032268285751343e-02
5.477916076779365540e-02
5.734631419181823730e-02
6.085430085659027100e-02
8.609971404075622559e-02
9.143131226301193237e-02
8.507160842418670654e-02
8.980122208595275879e-02
8.911201357841491699e-02
9.190239012241363525e-02
8.520814776420593262e-02
8.773352205753326416e-02
9.116989374160766602e-02
8.596752583980560303e-02
9.119187295436859131e-02
8.494855463504791260e-02
8.961022645235061646e-02
8.891630172729492188e-02
9.166561067104339600e-02
8.508291840553283691e-02
8.756901323795318604e-02
9.094135463237762451e-02
8.583344519138336182e-02
9.096479415893554688e-02
5.445202812552452087e-02
5.905424430966377258e-02
5.836840346455574036e-02
6.107497960329055786e-02
5.461239069700241089e-02
5.707096308469772339e-02
6.038637831807136536e-02
5.537714436650276184e-02
6.042351201176643372e-02
5.439652502536773682e-02
5.893129855394363403e-02
5.824241787195205688e-02
6.091126427054405212e-02
5.455359071493148804e-02
5.697748064994812012e-02
6.022601202130317688e-02
5.530977249145507812e-02
6.026912480592727661e-02
5.434061586856842041e-02
5.881217867136001587e-02
8.893780410289764404e-02
9.155780076980590820e-02
8.529594540596008301e-02
8.767998218536376953e-02
9.086757898330688477e-02
8.602516353130340576e-02
9.088449925184249878e-02
8.505035936832427979e-02
8.945357799530029297e-02
8.875754475593566895e-02
9.133444726467132568e-02
8.517044782638549805e-02
8.752626180648803711e-02
9.065538644790649414e-02
8.589425683021545410e-02
9.067174047231674194e-02
8.492837846279144287e-02
8.927591145038604736e-02
8.857467770576477051e-02
9.112145006656646729e-02
5.422395467758178711e-02
5.655517056584358215e-02
5.964551120996475220e-02
5.496417731046676636e-02
5.966570228338241577e-02
5.402154475450515747e-02
5.831895023584365845e-02
5.762506276369094849e-02
6.014159321784973145e-02
5.416676402091979980e-02
5.646769329905509949e-02
5.949902161955833435e-02
5.489955097436904907e-02
5.952588841319084167e-02
5.396666377782821655e-02
5.820932239294052124e-02
5.751096457242965698e-02
5.999884381890296936e-02
5.411051958799362183e-02
5.638062953948974609e-02
9.020209312438964844e-02
8.566527068614959717e-02
9.020221233367919922e-02
8.472553640604019165e-02
8.890585601329803467e-02
8.820395171642303467e-02
9.064532816410064697e-02
8.483712375164031982e-02
8.706980943679809570e-02
9.000389277935028076e-02
8.553612232208251953e-02
9.000423550605773926e-02
8.460515737533569336e-02
8.873577415943145752e-02
8.803644776344299316e-02
9.043815732002258301e-02
8.471216261386871338e-02
8.692590147256851196e-02
8.980739116668701172e-02
8.540825545787811279e-02
5.910470336675643921e-02
5.379027128219604492e-02
5.788060277700424194e-02
5.718391388654708862e-02
5.956801027059555054e-02
5.392534658312797546e-02
5.611895024776458740e-02
5.896080285310745239e-02
5.463624373078346252e-02
5.897851660847663879e-02
5.373761057853698730e-02
5.777636542916297913e-02
5.707993358373641968e-02
5.943597108125686646e-02
5.386981368064880371e-02
5.603784322738647461e-02
5.884065106511116028e-02
5.457694083452224731e-02
5.884546414017677307e-02
5.368467792868614197e-02
8.830690383911132812e-02
8.760304749011993408e-02
8.992306888103485107e-02
8.442365378141403198e-02
8.656053245067596436e-02
8.930818736553192139e-02
8.510225266218185425e-02
8.930614590644836426e-02
8.420369774103164673e-02
8.814373612403869629e-02
8.743955194950103760e-02
8.972982317209243774e-02
8.430217206478118896e-02
8.641423285007476807e-02
8.912629634141921997e-02
8.497660607099533081e-02
8.911718428134918213e-02
8.408371359109878540e-02
8.798228204250335693e-02
8.727663755416870117e-02
5.898131057620048523e-02
5.362771451473236084e-02
5.572468414902687073e-02
5.840323492884635925e-02
5.431875959038734436e-02
5.841029435396194458e-02
5.344882607460021973e-02
5.731085687875747681e-02
5.661392584443092346e-02
5.885771661996841431e-02
5.357288569211959839e-02
5.564802139997482300e-02
5.828763544559478760e-02
5.425946414470672607e-02
5.829147249460220337e-02
5.339643359184265137e-02
5.721557885408401489e-02
5.651799216866493225e-02
5.873847752809524536e-02
5.351923406124114990e-02
8.633063733577728271e-02
8.891949057579040527e-02
8.494389802217483521e-02
8.891820907592773438e-02
8.407452702522277832e-02
8.784653991460800171e-02
8.714237809181213379e-02
8.932855725288391113e-02
8.416476100683212280e-02
8.619092404842376709e-02
8.874887973070144653e-02
8.481985330581665039e-02
8.873701095581054688e-02
8.395504206418991089e-02
8.769070357084274292e-02
8.698542416095733643e-02
8.914820849895477295e-02
8.404396474361419678e-02
8.605010062456130981e-02
8.857396990060806274e-02
5.392597615718841553e-02
5.779987201094627380e-02
5.308207497000694275e-02
5.678778141736984253e-02
5.608967691659927368e-02
5.823870748281478882e-02
5.319885164499282837e-02
5.519270151853561401e-02
5.769525095820426941e-02
5.386959016323089600e-02
5.768526345491409302e-02
5.303058028221130371e-02
5.669764429330825806e-02
5.600081756711006165e-02
5.812519043684005737e-02
5.314484983682632446e-02
5.512156337499618530e-02
5.758178234100341797e-02
5.380962416529655457e-02
5.758285894989967346e-02
8.384295552968978882e-02
8.746622502803802490e-02
8.676028251647949219e-02
8.886006474494934082e-02
8.392626047134399414e-02
8.587576448917388916e-02
8.830013126134872437e-02
8.456541597843170166e-02
8.828061819076538086e-02
8.372434973716735840e-02
8.731420338153839111e-02
8.660995960235595703e-02
8.868475258350372314e-02
8.380481600761413574e-02
8.574000000953674316e-02
8.813324570655822754e-02
8.444151282310485840e-02
8.811075985431671143e-02
8.360563218593597412e-02
8.716316521167755127e-02
5.588372051715850830e-02
5.795472115278244019e-02
5.312901735305786133e-02
5.505248159170150757e-02
5.741864442825317383e-02
5.378202348947525024e-02
5.741996690630912781e-02
5.296778306365013123e-02
5.649996921420097351e-02
5.580065026879310608e-02
5.784697458148002625e-02
5.307660624384880066e-02
5.498104169964790344e-02
5.731932818889617920e-02
5.372495204210281372e-02
5.731855332851409912e-02
5.291660130023956299e-02
5.641540884971618652e-02
5.571611970663070679e-02
5.774476379156112671e-02
8.352085947990417480e-02
8.540296554565429688e-02
8.770349621772766113e-02
8.414366096258163452e-02
8.768703788518905640e-02
8.332549035549163818e-02
8.678641915321350098e-02
8.608169853687286377e-02
8.808101713657379150e-02
8.340145647525787354e-02
8.526568114757537842e-02
8.753840625286102295e-02
8.401991426944732666e-02
8.752582967281341553e-02
8.320738375186920166e-02
8.663910627365112305e-02
8.593443781137466431e-02
8.791567385196685791e-02
8.328102529048919678e-02
8.513289690017700195e-02
5.694961920380592346e-02
5.347570776939392090e-02
5.694834515452384949e-02
5.268238484859466553e-02
5.609261989593505859e-02
5.539499223232269287e-02
5.736627802252769470e-02
5.278460681438446045e-02
5.462940782308578491e-02
5.685286968946456909e-02
5.341934785246849060e-02
5.685307830572128296e-02
5.263142287731170654e-02
5.601220577955245972e-02
5.531390756368637085e-02
5.726964026689529419e-02
5.273294448852539062e-02
5.456076562404632568e-02
5.676121637225151062e-02
5.336388200521469116e-02
8.738148212432861328e-02
8.319699764251708984e-02
8.654165267944335938e-02
8.583679795265197754e-02
8.776859194040298462e-02
8.326670527458190918e-02
8.507412672042846680e-02
8.724227547645568848e-02
8.387315273284912109e-02
8.722299337387084961e-02
8.307895064353942871e-02
8.639781177043914795e-02
8.569514006376266479e-02
8.760631084442138672e-02
8.314716815948486328e-02
8.494225144386291504e-02
8.708690106868743896e-02
8.375125378370285034e-02
8.706554770469665527e-02
8.296088874340057373e-02
5.562215298414230347e-02
5.492559075355529785e-02
5.683015286922454834e-02
5.241804569959640503e-02
5.420540273189544678e-02
5.633635818958282471e-02
5.304112657904624939e-02
5.632703378796577454e-02
5.226987600326538086e-02
5.554461479187011719e-02
5.484872311353683472e-02
5.673785880208015442e-02
5.236686766147613525e-02
5.413977429270744324e-02
5.624484643340110779e-02
5.298552662134170532e-02
5.623893439769744873e-02
5.221954360604286194e-02
5.546795204281806946e-02
5.477241426706314087e-02
8.713653683662414551e-02
8.279697597026824951e-02
8.455140888690948486e-02
8.662386238574981689e-02
8.339132368564605713e-02
8.660343289375305176e-02
8.261444419622421265e-02
8.583153784275054932e-02
8.512778580188751221e-02
8.698223531246185303e-02
8.267857879400253296e-02
8.442086726427078247e-02
8.647442609071731567e-02
8.327060937881469727e-02
8.645099401473999023e-02
8.249713480472564697e-02
8.569186925888061523e-02
8.498981595039367676e-02
8.682731539011001587e-02
8.256034553050994873e-02
5.369317159056663513e-02
5.573330819606781006e-02
5.256736278533935547e-02
5.572503060102462769e-02
5.181298404932022095e-02
5.499165132641792297e-02
5.429493263363838196e-02
5.613051727414131165e-02
5.190545320510864258e-02
5.362916737794876099e-02
5.564551427960395813e-02
5.251260101795196533e-02
5.564173683524131775e-02
5.176307260990142822e-02
5.491778999567031860e-02
5.422319099307060242e-02
5.604154616594314575e-02
5.185418576002120972e-02
5.356716737151145935e-02
5.556319653987884521e-02
0.000000000000000000e+00
0.000000000000000000e+00
0.000000000000000000e+00
0.000000000000000000e+00
0.000000000000000000e+00
0.000000000000000000e+00
0.000000000000000000e+00
0.000000000000000000e+00
0.000000000000000000e+00
0.000000000000000000e+00
0.000000000000000000e+00
0.000000000000000000e+00
0.000000000000000000e+00
0.000000000000000000e+00
0.000000000000000000e+00
0.000000000000000000e+00
0.000000000000000000e+00
0.000000000000000000e+00
0.000000000000000000e+00
0.000000000000000000e+00
0.000000000000000000e+00
0.000000000000000000e+00
0.000000000000000000e+00
0.000000000000000000e+00
0.000000000000000000e+00
0.000000000000000000e+00
0.000000000000000000e+00
0.000000000000000000e+00
0.000000000000000000e+00
0.000000000000000000e+00
0.000000000000000000e+00
0.000000000000000000e+00
0.000000000000000000e+00
0.000000000000000000e+00
0.000000000000000000e+00
0.000000000000000000e+00
0.000000000000000000e+00
0.000000000000000000e+00
0.000000000000000000e+00
0.000000000000000000e+00
0.000000000000000000e+00
0.000000000000000000e+00
0.000000000000000000e+00
0.000000000000000000e+00
0.000000000000000000e+00
0.000000000000000000e+00
0.000000000000000000e+00
0.000000000000000000e+00
0.000000000000000000e+00
0.000000000000000000e+00
0.000000000000000000e+00
0.000000000000000000e+00
0.000000000000000000e+00
0.000000000000000000e+00
0.000000000000000000e+00
0.000000000000000000e+00
0.000000000000000000e+00
0.000000000000000000e+00
0.000000000000000000e+00
0.000000000000000000e+00
0.000000000000000000e+00
0.000000000000000000e+00
0.000000000000000000e+00
0.000000000000000000e+00
0.000000000000000000e+00
0.000000000000000000e+00
0.000000000000000000e+00
0.000000000000000000e+00
0.000000000000000000e+00
0.000000000000000000e+00
0.000000000000000000e+00
0.000000000000000000e+00
0.000000000000000000e+00
0.000000000000000000e+00
0.000000000000000000e+00
0.000000000000000000e+00
0.000000000000000000e+00
0.000000000000000000e+00
0.000000000000000000e+00
0.000000000000000000e+00
0.000000000000000000e+00
0.000000000000000000e+00
0.000000000000000000e+00
0.000000000000000000e+00
0.000000000000000000e+00
0.000000000000000000e+00
0.000000000000000000e+00
0.000000000000000000e+00
0.000000000000000000e+00
0.000000000000000000e+00
0.000000000000000000e+00
0.000000000000000000e+00
0.000000000000000000e+00
0.000000000000000000e+00
0.000000000000000000e+00
0.000000000000000000e+00
0.000000000000000000e+00
0.000000000000000000e+00
0.000000000000000000e+00
0.000000000000000000e+00
0.000000000000000000e+00
0.000000000000000000e+00
0.000000000000000000e+00
0.000000000000000000e+00
0.000000000000000000e+00
0.000000000000000000e+00
0.000000000000000000e+00
0.000000000000000000e+00
0.000000000000000000e+00
0.000000000000000000e+00
0.000000000000000000e+00
0.000000000000000000e+00
0.000000000000000000e+00
0.000000000000000000e+00
0.000000000000000000e+00
0.000000000000000000e+00
0.000000000000000000e+00
0.000000000000000000e+00
0.000000000000000000e+00
0.000000000000000000e+00
0.000000000000000000e+00
0.000000000000000000e+00
0.000000000000000000e+00
0.000000000000000000e+00
0.000000000000000000e+00
0.000000000000000000e+00
0.000000000000000000e+00
0.000000000000000000e+00
0.000000000000000000e+00
0.000000000000000000e+00
0.000000000000000000e+00
0.000000000000000000e+00
0.000000000000000000e+00
0.000000000000000000e+00
0.000000000000000000e+00
0.000000000000000000e+00
0.000000000000000000e+00
0.000000000000000000e+00
0.000000000000000000e+00
0.000000000000000000e+00
0.000000000000000000e+00
0.000000000000000000e+00
0.000000000000000000e+00
0.000000000000000000e+00
0.000000000000000000e+00
0.000000000000000000e+00
0.000000000000000000e+00
0.000000000000000000e+00
0.000000000000000000e+00
0.000000000000000000e+00
0.000000000000000000e+00
0.000000000000000000e+00
0.000000000000000000e+00
0.000000000000000000e+00
0.000000000000000000e+00
0.000000000000000000e+00
0.000000000000000000e+00
0.000000000000000000e+00
0.000000000000000000e+00
0.000000000000000000e+00
0.000000000000000000e+00
0.000000000000000000e+00
0.000000000000000000e+00
0.000000000000000000e+00
0.000000000000000000e+00
0.000000000000000000e+00
0.000000000000000000e+00
0.000000000000000000e+00
0.000000000000000000e+00
0.000000000000000000e+00
0.000000000000000000e+00
0.000000000000000000e+00
0.000000000000000000e+00
0.000000000000000000e+00
0.000000000000000000e+00
0.000000000000000000e+00
0.000000000000000000e+00
0.000000000000000000e+00
0.000000000000000000e+00
0.000000000000000000e+00
0.000000000000000000e+00
0.000000000000000000e+00
0.000000000000000000e+00
0.000000000000000000e+00
0.000000000000000000e+00
0.000000000000000000e+00
0.000000000000000000e+00
0.000000000000000000e+00
0.000000000000000000e+00
0.000000000000000000e+00
0.000000000000000000e+00
0.000000000000000000e+00
0.000000000000000000e+00
0.000000000000000000e+00
0.000000000000000000e+00
0.000000000000000000e+00
0.000000000000000000e+00
0.000000000000000000e+00
0.000000000000000000e+00
0.000000000000000000e+00
0.000000000000000000e+00
0.000000000000000000e+00
0.000000000000000000e+00
0.000000000000000000e+00
0.000000000000000000e+00
0.000000000000000000e+00
0.000000000000000000e+00
0.000000000000000000e+00
0.000000000000000000e+00
0.000000000000000000e+00
0.000000000000000000e+00
0.000000000000000000e+00
0.000000000000000000e+00
0.000000000000000000e+00
0.000000000000000000e+00
0.000000000000000000e+00
0.000000000000000000e+00
0.000000000000000000e+00
0.000000000000000000e+00
0.000000000000000000e+00
0.000000000000000000e+00
0.000000000000000000e+00
0.000000000000000000e+00
0.000000000000000000e+00
0.000000000000000000e+00
0.000000000000000000e+00
0.000000000000000000e+00
0.000000000000000000e+00
0.000000000000000000e+00
0.000000000000000000e+00
0.000000000000000000e+00
0.000000000000000000e+00
0.000000000000000000e+00
0.000000000000000000e+00
0.000000000000000000e+00
0.000000000000000000e+00
0.000000000000000000e+00
0.000000000000000000e+00
0.000000000000000000e+00
0.000000000000000000e+00
0.000000000000000000e+00
0.000000000000000000e+00
0.000000000000000000e+00
0.000000000000000000e+00
0.000000000000000000e+00
0.000000000000000000e+00
0.000000000000000000e+00
0.000000000000000000e+00
0.000000000000000000e+00
0.000000000000000000e+00
0.000000000000000000e+00
0.000000000000000000e+00
0.000000000000000000e+00
0.000000000000000000e+00
0.000000000000000000e+00
0.000000000000000000e+00
0.000000000000000000e+00
0.000000000000000000e+00
0.000000000000000000e+00
0.000000000000000000e+00
0.000000000000000000e+00
0.000000000000000000e+00
0.000000000000000000e+00
0.000000000000000000e+00
0.000000000000000000e+00
0.000000000000000000e+00
0.000000000000000000e+00
0.000000000000000000e+00
0.000000000000000000e+00
0.000000000000000000e+00
0.000000000000000000e+00
0.000000000000000000e+00
0.000000000000000000e+00
0.000000000000000000e+00
0.000000000000000000e+00
0.000000000000000000e+00
0.000000000000000000e+00
0.000000000000000000e+00
0.000000000000000000e+00
0.000000000000000000e+00
0.000000000000000000e+00
0.000000000000000000e+00
0.000000000000000000e+00
0.000000000000000000e+00
0.000000000000000000e+00
0.000000000000000000e+00
0.000000000000000000e+00
0.000000000000000000e+00
0.000000000000000000e+00
0.000000000000000000e+00
0.000000000000000000e+00
0.000000000000000000e+00
0.000000000000000000e+00
0.000000000000000000e+00
0.000000000000000000e+00
0.000000000000000000e+00
0.000000000000000000e+00
0.000000000000000000e+00
0.000000000000000000e+00
0.000000000000000000e+00
0.000000000000000000e+00
0.000000000000000000e+00
0.000000000000000000e+00
0.000000000000000000e+00
0.000000000000000000e+00
0.000000000000000000e+00
0.000000000000000000e+00
0.000000000000000000e+00
0.000000000000000000e+00
0.000000000000000000e+00
0.000000000000000000e+00
0.000000000000000000e+00
0.000000000000000000e+00
0.000000000000000000e+00
0.000000000000000000e+00
0.000000000000000000e+00
0.000000000000000000e+00
0.000000000000000000e+00
0.000000000000000000e+00
0.000000000000000000e+00
0.000000000000000000e+00
0.000000000000000000e+00
0.000000000000000000e+00
0.000000000000000000e+00
0.000000000000000000e+00
0.000000000000000000e+00
0.000000000000000000e+00
0.000000000000000000e+00
0.000000000000000000e+00
0.000000000000000000e+00
0.000000000000000000e+00
0.000000000000000000e+00
0.000000000000000000e+00
0.000000000000000000e+00
0.000000000000000000e+00
0.000000000000000000e+00
0.000000000000000000e+00
0.000000000000000000e+00
0.000000000000000000e+00
0.000000000000000000e+00
0.000000000000000000e+00
0.000000000000000000e+00
0.000000000000000000e+00
0.000000000000000000e+00
0.000000000000000000e+00
0.000000000000000000e+00
0.000000000000000000e+00
0.000000000000000000e+00
0.000000000000000000e+00
0.000000000000000000e+00
0.000000000000000000e+00
0.000000000000000000e+00
0.000000000000000000e+00
0.000000000000000000e+00
0.000000000000000000e+00
0.000000000000000000e+00
0.000000000000000000e+00
0.000000000000000000e+00
0.000000000000000000e+00
0.000000000000000000e+00
0.000000000000000000e+00
0.000000000000000000e+00
0.000000000000000000e+00
0.000000000000000000e+00
0.000000000000000000e+00
0.000000000000000000e+00
0.000000000000000000e+00
0.000000000000000000e+00
0.000000000000000000e+00
0.000000000000000000e+00
0.000000000000000000e+00
0.000000000000000000e+00
0.000000000000000000e+00
0.000000000000000000e+00
0.000000000000000000e+00
0.000000000000000000e+00
0.000000000000000000e+00
0.000000000000000000e+00
0.000000000000000000e+00
0.000000000000000000e+00
0.000000000000000000e+00
0.000000000000000000e+00
0.000000000000000000e+00
0.000000000000000000e+00
0.000000000000000000e+00
0.000000000000000000e+00
0.000000000000000000e+00
0.000000000000000000e+00
0.000000000000000000e+00
0.000000000000000000e+00
0.000000000000000000e+00
0.000000000000000000e+00
0.000000000000000000e+00
0.000000000000000000e+00
0.000000000000000000e+00
0.000000000000000000e+00
0.000000000000000000e+00
0.000000000000000000e+00
0.000000000000000000e+00
0.000000000000000000e+00
0.000000000000000000e+00
0.000000000000000000e+00
0.000000000000000000e+00
0.000000000000000000e+00
0.000000000000000000e+00
0.000000000000000000e+00
0.000000000000000000e+00
0.000000000000000000e+00
0.000000000000000000e+00
0.000000000000000000e+00
0.000000000000000000e+00
0.000000000000000000e+00
0.000000000000000000e+00
0.000000000000000000e+00
0.000000000000000000e+00
0.000000000000000000e+00
0.000000000000000000e+00
0.000000000000000000e+00
0.000000000000000000e+00
0.000000000000000000e+00
0.000000000000000000e+00
0.000000000000000000e+00
0.000000000000000000e+00
0.000000000000000000e+00
0.000000000000000000e+00
0.000000000000000000e+00
0.000000000000000000e+00
0.000000000000000000e+00
0.000000000000000000e+00
0.000000000000000000e+00
0.000000000000000000e+00
0.000000000000000000e+00
0.000000000000000000e+00
0.000000000000000000e+00
0.000000000000000000e+00
0.000000000000000000e+00
0.000000000000000000e+00
0.000000000000000000e+00
0.000000000000000000e+00
0.000000000000000000e+00
0.000000000000000000e+00
0.000000000000000000e+00
0.000000000000000000e+00
0.000000000000000000e+00
0.000000000000000000e+00
0.000000000000000000e+00
0.000000000000000000e+00
0.000000000000000000e+00
0.000000000000000000e+00
0.000000000000000000e+00
0.000000000000000000e+00
0.000000000000000000e+00
0.000000000000000000e+00
0.000000000000000000e+00
0.000000000000000000e+00
0.000000000000000000e+00
0.000000000000000000e+00
0.000000000000000000e+00
0.000000000000000000e+00
0.000000000000000000e+00
0.000000000000000000e+00
0.000000000000000000e+00
0.000000000000000000e+00
0.000000000000000000e+00
0.000000000000000000e+00
0.000000000000000000e+00
0.000000000000000000e+00
0.000000000000000000e+00
0.000000000000000000e+00
0.000000000000000000e+00
0.000000000000000000e+00
0.000000000000000000e+00
0.000000000000000000e+00
0.000000000000000000e+00
0.000000000000000000e+00
0.000000000000000000e+00
0.000000000000000000e+00
0.000000000000000000e+00
0.000000000000000000e+00
0.000000000000000000e+00
0.000000000000000000e+00
0.000000000000000000e+00
0.000000000000000000e+00
0.000000000000000000e+00
0.000000000000000000e+00
0.000000000000000000e+00
0.000000000000000000e+00
0.000000000000000000e+00
0.000000000000000000e+00
0.000000000000000000e+00
0.000000000000000000e+00
0.000000000000000000e+00
0.000000000000000000e+00
0.000000000000000000e+00
0.000000000000000000e+00
0.000000000000000000e+00
0.000000000000000000e+00
0.000000000000000000e+00
0.000000000000000000e+00
0.000000000000000000e+00
0.000000000000000000e+00
0.000000000000000000e+00
0.000000000000000000e+00
0.000000000000000000e+00
0.000000000000000000e+00
0.000000000000000000e+00
0.000000000000000000e+00
0.000000000000000000e+00
0.000000000000000000e+00
0.000000000000000000e+00
0.000000000000000000e+00
0.000000000000000000e+00
0.000000000000000000e+00
0.000000000000000000e+00
0.000000000000000000e+00
0.000000000000000000e+00
0.000000000000000000e+00
0.000000000000000000e+00
0.000000000000000000e+00
0.000000000000000000e+00
0.000000000000000000e+00
0.000000000000000000e+00
0.000000000000000000e+00
0.000000000000000000e+00
0.000000000000000000e+00
0.000000000000000000e+00
0.000000000000000000e+00
0.000000000000000000e+00
0.000000000000000000e+00
0.000000000000000000e+00
0.000000000000000000e+00
0.000000000000000000e+00
0.000000000000000000e+00
0.000000000000000000e+00
0.000000000000000000e+00
0.000000000000000000e+00
0.000000000000000000e+00
0.000000000000000000e+00
0.000000000000000000e+00
0.000000000000000000e+00
0.000000000000000000e+00
0.000000000000000000e+00
0.000000000000000000e+00
0.000000000000000000e+00
0.000000000000000000e+00
0.000000000000000000e+00
0.000000000000000000e+00
0.000000000000000000e+00
0.000000000000000000e+00
0.000000000000000000e+00
0.000000000000000000e+00
0.000000000000000000e+00
0.000000000000000000e+00
0.000000000000000000e+00
0.000000000000000000e+00
0.000000000000000000e+00
0.000000000000000000e+00
0.000000000000000000e+00
0.000000000000000000e+00
0.000000000000000000e+00
0.000000000000000000e+00
0.000000000000000000e+00
0.000000000000000000e+00
0.000000000000000000e+00
0.000000000000000000e+00
0.000000000000000000e+00
0.000000000000000000e+00
0.000000000000000000e+00
0.000000000000000000e+00
0.000000000000000000e+00
0.000000000000000000e+00
0.000000000000000000e+00
0.000000000000000000e+00
0.000000000000000000e+00
0.000000000000000000e+00
0.000000000000000000e+00
0.000000000000000000e+00
0.000000000000000000e+00
0.000000000000000000e+00
0.000000000000000000e+00
0.000000000000000000e+00
0.000000000000000000e+00
0.000000000000000000e+00
0.000000000000000000e+00
0.000000000000000000e+00
0.000000000000000000e+00
0.000000000000000000e+00
0.000000000000000000e+00
0.000000000000000000e+00
0.000000000000000000e+00
0.000000000000000000e+00
0.000000000000000000e+00
0.000000000000000000e+00
0.000000000000000000e+00
0.000000000000000000e+00
0.000000000000000000e+00
0.000000000000000000e+00
0.000000000000000000e+00
0.000000000000000000e+00
0.000000000000000000e+00
0.000000000000000000e+00
0.000000000000000000e+00
0.000000000000000000e+00
0.000000000000000000e+00
0.000000000000000000e+00
0.000000000000000000e+00
0.000000000000000000e+00
0.000000000000000000e+00
0.000000000000000000e+00
0.000000000000000000e+00
0.000000000000000000e+00
0.000000000000000000e+00
0.000000000000000000e+00
0.000000000000000000e+00
0.000000000000000000e+00
0.000000000000000000e+00
0.000000000000000000e+00
0.000000000000000000e+00
0.000000000000000000e+00
0.000000000000000000e+00
0.000000000000000000e+00
0.000000000000000000e+00
0.000000000000000000e+00
0.000000000000000000e+00
0.000000000000000000e+00
0.000000000000000000e+00
0.000000000000000000e+00
0.000000000000000000e+00
0.000000000000000000e+00
0.000000000000000000e+00
0.000000000000000000e+00
0.000000000000000000e+00
0.000000000000000000e+00
0.000000000000000000e+00
0.000000000000000000e+00
0.000000000000000000e+00
0.000000000000000000e+00
0.000000000000000000e+00
0.000000000000000000e+00
0.000000000000000000e+00
0.000000000000000000e+00
0.000000000000000000e+00
0.000000000000000000e+00
0.000000000000000000e+00
0.000000000000000000e+00
0.000000000000000000e+00
0.000000000000000000e+00
0.000000000000000000e+00
0.000000000000000000e+00
0.000000000000000000e+00
0.000000000000000000e+00
0.000000000000000000e+00
0.000000000000000000e+00
0.000000000000000000e+00
0.000000000000000000e+00
0.000000000000000000e+00
0.000000000000000000e+00
0.000000000000000000e+00
0.000000000000000000e+00
0.000000000000000000e+00
0.000000000000000000e+00
0.000000000000000000e+00
0.000000000000000000e+00
0.000000000000000000e+00
0.000000000000000000e+00
0.000000000000000000e+00
0.000000000000000000e+00
0.000000000000000000e+00
0.000000000000000000e+00
0.000000000000000000e+00
0.000000000000000000e+00
0.000000000000000000e+00
0.000000000000000000e+00
0.000000000000000000e+00
0.000000000000000000e+00
0.000000000000000000e+00
0.000000000000000000e+00
0.000000000000000000e+00
0.000000000000000000e+00
0.000000000000000000e+00
0.000000000000000000e+00
0.000000000000000000e+00
0.000000000000000000e+00
0.000000000000000000e+00
0.000000000000000000e+00
0.000000000000000000e+00
0.000000000000000000e+00
0.000000000000000000e+00
0.000000000000000000e+00
0.000000000000000000e+00
0.000000000000000000e+00
0.000000000000000000e+00
0.000000000000000000e+00
0.000000000000000000e+00
0.000000000000000000e+00
0.000000000000000000e+00
0.000000000000000000e+00
0.000000000000000000e+00
0.000000000000000000e+00
0.000000000000000000e+00
0.000000000000000000e+00
0.000000000000000000e+00
0.000000000000000000e+00
0.000000000000000000e+00
0.000000000000000000e+00
0.000000000000000000e+00
0.000000000000000000e+00
0.000000000000000000e+00
0.000000000000000000e+00
0.000000000000000000e+00
0.000000000000000000e+00
0.000000000000000000e+00
0.000000000000000000e+00
0.000000000000000000e+00
0.000000000000000000e+00
0.000000000000000000e+00
0.000000000000000000e+00
0.000000000000000000e+00
0.000000000000000000e+00
0.000000000000000000e+00
0.000000000000000000e+00
0.000000000000000000e+00
0.000000000000000000e+00
0.000000000000000000e+00
0.000000000000000000e+00
0.000000000000000000e+00
0.000000000000000000e+00
0.000000000000000000e+00
0.000000000000000000e+00
0.000000000000000000e+00
0.000000000000000000e+00
0.000000000000000000e+00
0.000000000000000000e+00
0.000000000000000000e+00
0.000000000000000000e+00
0.000000000000000000e+00
0.000000000000000000e+00
0.000000000000000000e+00
0.000000000000000000e+00
0.000000000000000000e+00
0.000000000000000000e+00
0.000000000000000000e+00
0.000000000000000000e+00
0.000000000000000000e+00
0.000000000000000000e+00
0.000000000000000000e+00
0.000000000000000000e+00
0.000000000000000000e+00
0.000000000000000000e+00
0.000000000000000000e+00
0.000000000000000000e+00
0.000000000000000000e+00
0.000000000000000000e+00
0.000000000000000000e+00
0.000000000000000000e+00
0.000000000000000000e+00
0.000000000000000000e+00
0.000000000000000000e+00
0.000000000000000000e+00
0.000000000000000000e+00
0.000000000000000000e+00
0.000000000000000000e+00
0.000000000000000000e+00
0.000000000000000000e+00
0.000000000000000000e+00
0.000000000000000000e+00
0.000000000000000000e+00
0.000000000000000000e+00
0.000000000000000000e+00
0.000000000000000000e+00
0.000000000000000000e+00
0.000000000000000000e+00
0.000000000000000000e+00
0.000000000000000000e+00
0.000000000000000000e+00
0.000000000000000000e+00
0.000000000000000000e+00
0.000000000000000000e+00
0.000000000000000000e+00
0.000000000000000000e+00
0.000000000000000000e+00
0.000000000000000000e+00
0.000000000000000000e+00
0.000000000000000000e+00
0.000000000000000000e+00
0.000000000000000000e+00
0.000000000000000000e+00
0.000000000000000000e+00
0.000000000000000000e+00
0.000000000000000000e+00
0.000000000000000000e+00
0.000000000000000000e+00
0.000000000000000000e+00
0.000000000000000000e+00
0.000000000000000000e+00
0.000000000000000000e+00
0.000000000000000000e+00
0.000000000000000000e+00
0.000000000000000000e+00
0.000000000000000000e+00
0.000000000000000000e+00
0.000000000000000000e+00
0.000000000000000000e+00
0.000000000000000000e+00
0.000000000000000000e+00
0.000000000000000000e+00
0.000000000000000000e+00
0.000000000000000000e+00
0.000000000000000000e+00
0.000000000000000000e+00
0.000000000000000000e+00
0.000000000000000000e+00
0.000000000000000000e+00
0.000000000000000000e+00
0.000000000000000000e+00
0.000000000000000000e+00
0.000000000000000000e+00
0.000000000000000000e+00
0.000000000000000000e+00
0.000000000000000000e+00
0.000000000000000000e+00
0.000000000000000000e+00
0.000000000000000000e+00
0.000000000000000000e+00
0.000000000000000000e+00
0.000000000000000000e+00
0.000000000000000000e+00
0.000000000000000000e+00
0.000000000000000000e+00
0.000000000000000000e+00
0.000000000000000000e+00
0.000000000000000000e+00
0.000000000000000000e+00
0.000000000000000000e+00
0.000000000000000000e+00
0.000000000000000000e+00
0.000000000000000000e+00
0.000000000000000000e+00
0.000000000000000000e+00
0.000000000000000000e+00
0.000000000000000000e+00
0.000000000000000000e+00
0.000000000000000000e+00
0.000000000000000000e+00
0.000000000000000000e+00
0.000000000000000000e+00
0.000000000000000000e+00
0.000000000000000000e+00
0.000000000000000000e+00
0.000000000000000000e+00
0.000000000000000000e+00
0.000000000000000000e+00
0.000000000000000000e+00
0.000000000000000000e+00
0.000000000000000000e+00
0.000000000000000000e+00
0.000000000000000000e+00
0.000000000000000000e+00
0.000000000000000000e+00
0.000000000000000000e+00
0.000000000000000000e+00
0.000000000000000000e+00
0.000000000000000000e+00
0.000000000000000000e+00
0.000000000000000000e+00
0.000000000000000000e+00
0.000000000000000000e+00
0.000000000000000000e+00
0.000000000000000000e+00
0.000000000000000000e+00
0.000000000000000000e+00
0.000000000000000000e+00
0.000000000000000000e+00
0.000000000000000000e+00
0.000000000000000000e+00
0.000000000000000000e+00
0.000000000000000000e+00
0.000000000000000000e+00
0.000000000000000000e+00
0.000000000000000000e+00
0.000000000000000000e+00
0.000000000000000000e+00
0.000000000000000000e+00
0.000000000000000000e+00
0.000000000000000000e+00
0.000000000000000000e+00
0.000000000000000000e+00
0.000000000000000000e+00
0.000000000000000000e+00
0.000000000000000000e+00
0.000000000000000000e+00
0.000000000000000000e+00
0.000000000000000000e+00
0.000000000000000000e+00
0.000000000000000000e+00
0.000000000000000000e+00
0.000000000000000000e+00
0.000000000000000000e+00
0.000000000000000000e+00
0.000000000000000000e+00
0.000000000000000000e+00
0.000000000000000000e+00
0.000000000000000000e+00
0.000000000000000000e+00
0.000000000000000000e+00
0.000000000000000000e+00
0.000000000000000000e+00
0.000000000000000000e+00
0.000000000000000000e+00
0.000000000000000000e+00
0.000000000000000000e+00
0.000000000000000000e+00
0.000000000000000000e+00
0.000000000000000000e+00
0.000000000000000000e+00
0.000000000000000000e+00
0.000000000000000000e+00
0.000000000000000000e+00
0.000000000000000000e+00
0.000000000000000000e+00
0.000000000000000000e+00
0.000000000000000000e+00
0.000000000000000000e+00
0.000000000000000000e+00
0.000000000000000000e+00
0.000000000000000000e+00
0.000000000000000000e+00
0.000000000000000000e+00
0.000000000000000000e+00
0.000000000000000000e+00
0.000000000000000000e+00
0.000000000000000000e+00
0.000000000000000000e+00
0.000000000000000000e+00
0.000000000000000000e+00
0.000000000000000000e+00
0.000000000000000000e+00
0.000000000000000000e+00
0.000000000000000000e+00
0.000000000000000000e+00
0.000000000000000000e+00
0.000000000000000000e+00
0.000000000000000000e+00
0.000000000000000000e+00
0.000000000000000000e+00
0.000000000000000000e+00
0.000000000000000000e+00
0.000000000000000000e+00
0.000000000000000000e+00
0.000000000000000000e+00
0.000000000000000000e+00
0.000000000000000000e+00
0.000000000000000000e+00
0.000000000000000000e+00
0.000000000000000000e+00
0.000000000000000000e+00
0.000000000000000000e+00
0.000000000000000000e+00
0.000000000000000000e+00
0.000000000000000000e+00
0.000000000000000000e+00
0.000000000000000000e+00
0.000000000000000000e+00
0.000000000000000000e+00
0.000000000000000000e+00
0.000000000000000000e+00
0.000000000000000000e+00
0.000000000000000000e+00
0.000000000000000000e+00
0.000000000000000000e+00
0.000000000000000000e+00
0.000000000000000000e+00
0.000000000000000000e+00
0.000000000000000000e+00
0.000000000000000000e+00
0.000000000000000000e+00
0.000000000000000000e+00
0.000000000000000000e+00
0.000000000000000000e+00
0.000000000000000000e+00
0.000000000000000000e+00
0.000000000000000000e+00
0.000000000000000000e+00
0.000000000000000000e+00
0.000000000000000000e+00
0.000000000000000000e+00
0.000000000000000000e+00
0.000000000000000000e+00
0.000000000000000000e+00
0.000000000000000000e+00
0.000000000000000000e+00
0.000000000000000000e+00
0.000000000000000000e+00
0.000000000000000000e+00
0.000000000000000000e+00
0.000000000000000000e+00
0.000000000000000000e+00
0.000000000000000000e+00
0.000000000000000000e+00
