8.199999999999999512e-01
1.145685076713562012e+00
1.123700141906738281e+00
1.102205157279968262e+00
1.188482761383056641e+00
1.123078107833862305e+00
1.153051853179931641e+00
1.060533523559570312e+00
1.117267966270446777e+00
1.118879914283752441e+00
1.175784111022949219e+00
1.066620826721191406e+00
1.010785222053527832e+00
1.254820823669433594e+00
1.107238292694091797e+00
1.139282226562500000e+00
9.817995429039001465e-01
1.097024559974670410e+00
1.098920941352844238e+00
1.179178833961486816e+00
1.011151194572448730e+00
9.400362968444824219e-01
1.277380824089050293e+00
1.077310800552368164e+00
1.098165512084960938e+00
9.139897823333740234e-01
1.057412147521972656e+00
1.057818770408630371e+00
1.140733122825622559e+00
9.367172122001647949e-01
8.682642579078674316e-01
1.250595450401306152e+00
1.022228360176086426e+00
1.019472241401672363e+00
8.367506265640258789e-01
9.884833693504333496e-01
9.876686930656433105e-01
1.058225035667419434e+00
8.302347660064697266e-01
7.780913710594177246e-01
1.179785847663879395e+00
9.354636073112487793e-01
8.905745148658752441e-01
7.384589910507202148e-01
8.858957290649414062e-01
8.841651082038879395e-01
9.291722178459167480e-01
6.887781620025634766e-01
6.678404211997985840e-01
1.068690776824951172e+00
8.197343349456787109e-01
7.185956239700317383e-01
6.226913928985595703e-01
7.589992284774780273e-01
7.561159133911132812e-01
7.718054056167602539e-01
5.353357195854187012e-01
5.494701862335205078e-01
9.379231333732604980e-01
6.925119161605834961e-01
5.294216275215148926e-01
5.096308588981628418e-01
6.326929926872253418e-01
6.270754337310791016e-01
6.178877949714660645e-01
4.037078917026519775e-01
4.506960809230804443e-01
7.968568801879882812e-01
5.740944147109985352e-01
3.688533008098602295e-01
4.092391133308410645e-01
5.118950009346008301e-01
5.027677416801452637e-01
4.820561408996582031e-01
2.995254099369049072e-01
3.672094941139221191e-01
6.534489989280700684e-01
4.664403498172760010e-01
2.536501884460449219e-01
3.267960548400878906e-01
4.079645574092864990e-01
4.228113889694213867e-01
4.037848114967346191e-01
2.527900338172912598e-01
3.250180780887603760e-01
5.488380789756774902e-01
4.010886549949645996e-01
2.097239792346954346e-01
2.872085273265838623e-01
3.481922447681427002e-01
3.346034288406372070e-01
3.248484730720520020e-01
2.016131281852722168e-01
2.689533531665802002e-01
4.332964718341827393e-01
3.262865841388702393e-01
1.667532473802566528e-01
2.332226485013961792e-01
2.809828817844390869e-01
2.651777565479278564e-01
2.661613225936889648e-01
1.394606232643127441e-01
1.966215074062347412e-01
3.154368400573730469e-01
2.412760257720947266e-01
1.135565638542175293e-01
1.654457896947860718e-01
2.044991254806518555e-01
1.883830130100250244e-01
1.962605416774749756e-01
1.143646389245986938e-01
1.614050865173339844e-01
2.471462935209274292e-01
1.976249516010284424e-01
9.593003243207931519e-02
1.366184204816818237e-01
1.680243462324142456e-01
1.528818756341934204e-01
1.642310470342636108e-01
9.634932130575180054e-02
1.357070207595825195e-01
2.244757562875747681e-01
1.924569159746170044e-01
1.114042252302169800e-01
1.416946947574615479e-01
1.689482927322387695e-01
1.547243297100067139e-01
1.678063124418258667e-01
1.110284775495529175e-01
1.433520913124084473e-01
1.898510009050369263e-01
1.690269112586975098e-01
1.031732410192489624e-01
1.265724897384643555e-01
1.499588191509246826e-01
1.368638575077056885e-01
1.502852439880371094e-01
1.023843139410018921e-01
1.292223930358886719e-01
1.648959219455718994e-01
1.513862162828445435e-01
9.190717339515686035e-02
1.103195920586585999e-01
1.304913610219955444e-01
1.185562983155250549e-01
1.315977275371551514e-01
9.070600569248199463e-02
1.136436611413955688e-01
1.413015127182006836e-01
1.328078806400299072e-01
8.738622069358825684e-02
1.017752811312675476e-01
1.199677288532257080e-01
1.089057326316833496e-01
1.215083599090576172e-01
8.606690168380737305e-02
1.056556552648544312e-01
1.279294639825820923e-01
1.226618140935897827e-01
8.388108760118484497e-02
9.559332579374313354e-02
1.172468811273574829e-01
1.070611327886581421e-01
1.189865022897720337e-01
8.799496293067932129e-02
1.050594970583915710e-01
1.231112182140350342e-01
1.200004890561103821e-01
8.665645867586135864e-02
9.639632701873779297e-02
1.106462925672531128e-01
1.014282926917076111e-01
1.126310601830482483e-01
8.512677252292633057e-02
1.001751497387886047e-01
1.151227876543998718e-01
1.135472357273101807e-01
8.444634079933166504e-02
9.256136417388916016e-02
1.054143309593200684e-01
9.691447019577026367e-02
1.069860085844993591e-01
8.252859115600585938e-02
9.592224657535552979e-02
1.084731966257095337e-01
1.079805567860603333e-01
8.228962868452072144e-02
8.916924893856048584e-02
1.008528396487236023e-01
9.300508350133895874e-02
1.027775108814239502e-01
8.075809478759765625e-02
9.283304214477539062e-02
1.034620627760887146e-01
1.036503762006759644e-01
8.083805441856384277e-02
8.667694032192230225e-02
9.740309417247772217e-02
9.009979665279388428e-02
9.924273937940597534e-02
7.929065823554992676e-02
1.035885959863662720e-01
1.126937270164489746e-01
1.134120076894760132e-01
9.291418641805648804e-02
9.791120886802673340e-02
1.078536584973335266e-01
1.010208204388618469e-01
1.095896661281585693e-01
9.137293696403503418e-02
1.013794690370559692e-01
1.093263402581214905e-01
1.103915199637413025e-01
9.180446714162826538e-02
9.618479013442993164e-02
1.053711399435997009e-01
9.897989034652709961e-02
1.070664376020431519e-01
9.033169597387313843e-02
9.953363239765167236e-02
1.064282208681106567e-01
9.465521574020385742e-02
7.773184031248092651e-02
8.156743645668029785e-02
9.009879082441329956e-02
8.410498499870300293e-02
9.171384572982788086e-02
7.628642767667770386e-02
8.481056243181228638e-02
9.090916067361831665e-02
9.246058017015457153e-02
7.691626250743865967e-02
8.032818138599395752e-02
8.830464631319046021e-02
8.265405148267745972e-02
8.984746783971786499e-02
7.552437484264373779e-02
8.340786397457122803e-02
8.890727907419204712e-02
9.054997563362121582e-02
7.623738795518875122e-02
9.461590647697448730e-02
1.020704060792922974e-01
9.674252569675445557e-02
1.035316288471221924e-01
9.020306169986724854e-02
9.756837785243988037e-02
1.024750769138336182e-01
1.042073071002960205e-01
9.092621505260467529e-02
9.365656971931457520e-02
1.006622537970542908e-01
9.561155736446380615e-02
1.020522564649581909e-01
8.958832919597625732e-02
9.648758172988891602e-02
1.009059101343154907e-01
1.026760339736938477e-01
9.034669399261474609e-02
9.279982745647430420e-02
9.940877556800842285e-02
8.315353095531463623e-02
8.927511423826217651e-02
7.758612185716629028e-02
8.408346772193908691e-02
8.809206634759902954e-02
8.990325033664703369e-02
7.838277518749237061e-02
8.061055094003677368e-02
8.687052130699157715e-02
8.230607956647872925e-02
8.815276622772216797e-02
7.713335752487182617e-02
8.325677365064620972e-02
8.690701425075531006e-02
8.873214572668075562e-02
7.794824987649917603e-02
7.996659725904464722e-02
8.590340614318847656e-02
8.154985308647155762e-02
8.712492883205413818e-02
8.822987228631973267e-02
9.401531517505645752e-02
9.737417101860046387e-02
9.919416904449462891e-02
8.903201669454574585e-02
9.087245166301727295e-02
9.652623534202575684e-02
9.235243499279022217e-02
9.767056256532669067e-02
8.781335502862930298e-02
9.331543743610382080e-02
9.639599919319152832e-02
9.820471704006195068e-02
8.862182497978210449e-02
9.031301736831665039e-02
9.569977968931198120e-02
9.169923514127731323e-02
9.679327905178070068e-02
8.743438124656677246e-02
9.267120063304901123e-02
8.396586775779724121e-02
8.577471971511840820e-02
7.672005891799926758e-02
7.827059179544448853e-02
8.342422544956207275e-02
7.958927750587463379e-02
8.448632061481475830e-02
7.558316737413406372e-02
8.057409524917602539e-02
8.320417255163192749e-02
8.499710261821746826e-02
7.639557868242263794e-02
7.784055173397064209e-02
8.277342468500137329e-02
7.908557355403900146e-02
8.378855884075164795e-02
7.529772818088531494e-02
8.006785809993743896e-02
8.250507712364196777e-02
8.427754789590835571e-02
8.765073120594024658e-02
8.898415416479110718e-02
9.371109306812286377e-02
9.015810489654541016e-02
9.467578679323196411e-02
8.655457198619842529e-02
9.112115204334259033e-02
9.339511394500732422e-02
9.513422101736068726e-02
8.735345304012298584e-02
8.857864141464233398e-02
9.312345087528228760e-02
8.969692885875701904e-02
9.404519945383071899e-02
8.627612888813018799e-02
9.065530449151992798e-02
9.277506172657012939e-02
9.448858350515365601e-02
8.705973625183105469e-02
8.820763975381851196e-02
8.109135925769805908e-02
7.778711616992950439e-02
8.198297023773193359e-02
7.453614473342895508e-02
7.874128222465515137e-02
8.074739575386047363e-02
8.243864774703979492e-02
7.533025741577148438e-02
7.639890909194946289e-02
8.062128722667694092e-02
7.742128521203994751e-02
8.148430287837982178e-02
7.432417571544647217e-02
7.837551087141036987e-02
8.024545013904571533e-02
8.191249519586563110e-02
7.510181516408920288e-02
7.610727846622467041e-02
8.017998188734054565e-02
7.708363234996795654e-02
9.241305291652679443e-02
8.551858365535736084e-02
8.941572159528732300e-02
9.118223190307617188e-02
9.281749278306961060e-02
8.627459406852722168e-02
8.720660209655761719e-02
9.114363789558410645e-02
8.813959360122680664e-02
9.193158149719238281e-02
8.529183268547058105e-02
8.906042575836181641e-02
9.071345627307891846e-02
9.232155978679656982e-02
8.603862673044204712e-02
8.691770583391189575e-02
9.072127193212509155e-02
8.781002461910247803e-02
9.148932993412017822e-02
8.507403731346130371e-02
7.706219702959060669e-02
7.864561676979064941e-02
8.022862672805786133e-02
7.416835427284240723e-02
7.500040531158447266e-02
7.869836688041687012e-02
7.586778700351715088e-02
7.944189012050628662e-02
7.325103878974914551e-02
7.677264511585235596e-02
7.826776802539825439e-02
7.982651889324188232e-02
7.399119436740875244e-02
7.477040588855743408e-02
7.835505157709121704e-02
7.560450583696365356e-02
7.907982915639877319e-02
7.308635860681533813e-02
7.649719715118408203e-02
7.792127877473831177e-02
9.108734130859375000e-02
8.545146882534027100e-02
8.618146181106567383e-02
8.965751528739929199e-02
8.697785437107086182e-02
9.034802019596099854e-02
8.454336225986480713e-02
8.784797787666320801e-02
8.919582515954971313e-02
9.069320559501647949e-02
8.524700999259948730e-02
8.594000339508056641e-02
8.931834995746612549e-02
8.670713007450103760e-02
8.998475968837738037e-02
8.435804396867752075e-02
8.756947517395019531e-02
8.884333074092864990e-02
9.031996876001358032e-02
8.505174517631530762e-02
7.398677617311477661e-02
7.727546989917755127e-02
7.473557442426681519e-02
7.793065905570983887e-02
7.247383892536163330e-02
7.559562474489212036e-02
7.682014256715774536e-02
7.827474176883697510e-02
7.317373156547546387e-02
7.379693537950515747e-02
7.700090110301971436e-02
7.452254742383956909e-02
7.763877511024475098e-02
7.233335077762603760e-02
7.536782324314117432e-02
7.654392719268798828e-02
7.797109335660934448e-02
7.302111387252807617e-02
7.361374795436859131e-02
7.674012333154678345e-02
8.594419062137603760e-02
8.898118883371353149e-02
8.381616324186325073e-02
8.676831424236297607e-02
8.788615465164184570e-02
8.928824961185455322e-02
8.448262512683868408e-02
8.504003286361694336e-02
8.808262646198272705e-02
8.571429550647735596e-02
8.866950869560241699e-02
8.365397900342941284e-02
8.653124421834945679e-02
8.759459853172302246e-02
8.897458016872406006e-02
8.430874347686767578e-02
8.484046161174774170e-02
8.780750632286071777e-02
8.549339324235916138e-02
8.838579058647155762e-02
7.187949866056442261e-02
7.468260079622268677e-02
7.571531832218170166e-02
7.707358896732330322e-02
7.253920286893844604e-02
7.304642349481582642e-02
7.595196366310119629e-02
7.368950545787811279e-02
7.652010023593902588e-02
7.175560295581817627e-02
7.449262589216232300e-02
7.548139989376068115e-02
7.681949436664581299e-02
7.240845263004302979e-02
7.289203256368637085e-02
7.572978734970092773e-02
7.351674139499664307e-02
7.627986371517181396e-02
7.163775712251663208e-02
7.430831342935562134e-02
8.722572028636932373e-02
8.853877335786819458e-02
8.423650264739990234e-02
8.469587564468383789e-02
8.746873587369918823e-02
8.529715240001678467e-02
8.799800276756286621e-02
8.346085250377655029e-02
8.606639504432678223e-02
8.697737753391265869e-02
8.827134966850280762e-02
8.407729864120483398e-02
8.451455831527709961e-02
8.722965419292449951e-02
8.510088175535202026e-02
8.774376660585403442e-02
8.331121504306793213e-02
8.586061000823974609e-02
8.673842251300811768e-02
8.801203966140747070e-02
7.256435602903366089e-02
7.298557460308074951e-02
7.564879953861236572e-02
7.356466352939605713e-02
7.615681737661361694e-02
7.182887196540832520e-02
7.432612031698226929e-02
7.517811655998229980e-02
7.643552124500274658e-02
7.244729995727539062e-02
7.284721732139587402e-02
7.545728981494903564e-02
7.341270893812179565e-02
7.595691084861755371e-02
7.172007858753204346e-02
7.416298240423202515e-02
7.498809695243835449e-02
7.622578740119934082e-02
7.232831418514251709e-02
7.271245867013931274e-02
8.658677339553833008e-02
8.457556366920471191e-02
8.706322312355041504e-02
8.291631191968917847e-02
8.530549705028533936e-02
8.609662950038909912e-02
8.731385320425033569e-02
8.350130915641784668e-02
8.386587351560592651e-02
8.637279272079467773e-02
8.439834415912628174e-02
8.683779835700988770e-02
8.277702331542968750e-02
8.511979132890701294e-02
8.588230609893798828e-02
8.708190172910690308e-02
8.335629105567932129e-02
8.370229601860046387e-02
8.616437017917633057e-02
8.422368764877319336e-02
7.533278316259384155e-02
7.135623693466186523e-02
7.365555316209793091e-02
7.440190017223358154e-02
7.558830827474594116e-02
7.194149494171142578e-02
7.227803021669387817e-02
7.470145821571350098e-02
7.279631495475769043e-02
7.515276223421096802e-02
7.125402987003326416e-02
7.350924611091613770e-02
7.423491775989532471e-02
7.540313899517059326e-02
7.183331251144409180e-02
7.215708494186401367e-02
7.453663647174835205e-02
7.266389578580856323e-02
7.497693598270416260e-02
7.115444540977478027e-02
8.482339978218078613e-02
8.551959693431854248e-02
8.666932582855224609e-02
8.316884189844131470e-02
8.347658812999725342e-02
8.580973744392395020e-02
8.396555483341217041e-02
8.623211085796356201e-02
8.248025923967361450e-02
8.465077728033065796e-02
8.532495051622390747e-02
8.645975589752197266e-02
8.302782475948333740e-02
8.332506567239761353e-02
8.561988174915313721e-02
8.380462229251861572e-02
8.603432774543762207e-02
8.234778791666030884e-02
8.447918295860290527e-02
8.513869345188140869e-02
7.478809356689453125e-02
7.142740488052368164e-02
7.171230763196945190e-02
7.397659122943878174e-02
7.219131290912628174e-02
7.439009845256805420e-02
7.077240943908691406e-02
7.286962866783142090e-02
7.351595163345336914e-02
7.462233304977416992e-02
7.132411003112792969e-02
7.159922271966934204e-02
7.382735610008239746e-02
7.206916809082031250e-02
7.423229515552520752e-02
7.067699730396270752e-02
7.274006307125091553e-02
7.336917519569396973e-02
7.446171343326568604e-02
7.122328877449035645e-02
8.332213759422302246e-02
8.551134169101715088e-02
8.377622067928314209e-02
8.589836955070495605e-02
8.240257203578948975e-02
8.442781865596771240e-02
8.503418415784835815e-02
8.611030876636505127e-02
8.292438089847564697e-02
8.317765593528747559e-02
8.533424139022827148e-02
8.362409472465515137e-02
8.571444451808929443e-02
8.227556943893432617e-02
8.426739275455474854e-02
8.485776931047439575e-02
8.592008054256439209e-02
8.279234170913696289e-02
8.303461968898773193e-02
8.515927940607070923e-02
7.237602770328521729e-02
7.443766295909881592e-02
7.105860114097595215e-02
7.302352786064147949e-02
7.360470294952392578e-02
7.465718686580657959e-02
7.158564031124114990e-02
7.182237505912780762e-02
7.392100989818572998e-02
7.226102054119110107e-02
7.429505139589309692e-02
7.096745073795318604e-02
7.290188968181610107e-02
7.346886396408081055e-02
7.450869679450988770e-02
7.148818671703338623e-02
7.171584665775299072e-02
7.378601282835006714e-02
7.214814424514770508e-02
7.415251433849334717e-02
8.191798627376556396e-02
8.382012695074081421e-02
8.436831831932067871e-02
8.539206534624099731e-02
8.241853117942810059e-02
8.263488113880157471e-02
8.467189222574234009e-02
8.305272459983825684e-02
8.502370119094848633e-02
8.179351687431335449e-02
8.366771042346954346e-02
8.420443534851074219e-02
8.521600812673568726e-02
8.228838443756103516e-02
8.249682933092117310e-02
8.450801670551300049e-02
8.290867507457733154e-02
8.485275506973266602e-02
8.167031407356262207e-02
8.351738750934600830e-02
7.326155900955200195e-02
7.426548749208450317e-02
7.138837873935699463e-02
7.159148156642913818e-02
7.357999682426452637e-02
7.200447469949722290e-02
7.392664253711700439e-02
7.079339027404785156e-02
7.261776179075241089e-02
7.313552498817443848e-02
7.412797957658767700e-02
7.129320502281188965e-02
7.148991525173187256e-02
7.345356047153472900e-02
7.189741730690002441e-02
7.379297912120819092e-02
7.070475816726684570e-02
7.250356674194335938e-02
7.301104068756103516e-02
7.399202138185501099e-02
8.285140991210937500e-02
8.303816616535186768e-02
8.497282862663269043e-02
8.343244343996047974e-02
8.529709279537200928e-02
8.224927634000778198e-02
8.402156829833984375e-02
8.451142162084579468e-02
8.547852933406829834e-02
8.272257447242736816e-02
8.290389180183410645e-02
8.481487631797790527e-02
8.329293876886367798e-02
8.513379096984863281e-02
8.212704956531524658e-02
8.387491852045059204e-02
8.435676991939544678e-02
8.531309664249420166e-02
8.259684592485427856e-02
8.277002722024917603e-02
7.297765463590621948e-02
7.147598266601562500e-02
7.329982519149780273e-02
7.033492624759674072e-02
7.206353545188903809e-02
7.254140079021453857e-02
7.349088788032531738e-02
7.081614434719085693e-02
7.098653167486190796e-02
7.285860925912857056e-02
7.137373089790344238e-02
7.317551225423812866e-02
7.024887204170227051e-02
7.195579260587692261e-02
7.242465019226074219e-02
7.336400449275970459e-02
7.072480022907257080e-02
7.089053094387054443e-02
7.274103909730911255e-02
7.127271592617034912e-02
8.494138717651367188e-02
8.204754441976547241e-02
8.373052626848220825e-02
8.418571949005126953e-02
8.511186391115188599e-02
8.250391483306884766e-02
8.266025036573410034e-02
8.448591828346252441e-02
8.303023874759674072e-02
8.478379249572753906e-02
8.192700147628784180e-02
8.358861505985260010e-02
8.403590321540832520e-02
8.495301008224487305e-02
8.237951993942260742e-02
8.252993226051330566e-02
8.433594554662704468e-02
8.289532363414764404e-02
8.462768793106079102e-02
8.180728554725646973e-02
7.198330014944076538e-02
7.242286950349807739e-02
7.333538681268692017e-02
7.080022990703582764e-02
7.094860076904296875e-02
7.273913174867630005e-02
7.131770253181457520e-02
7.303649187088012695e-02
7.025135308504104614e-02
7.187701016664505005e-02
7.231374084949493408e-02
7.321560382843017578e-02
7.071159780025482178e-02
7.085444778203964233e-02
7.262732833623886108e-02
7.121951878070831299e-02
7.292040437459945679e-02
7.016631960868835449e-02
7.177352160215377808e-02
7.220415771007537842e-02
8.450094610452651978e-02
8.202261477708816528e-02
8.215777575969696045e-02
8.390815556049346924e-02
8.251116424798965454e-02
8.418722450733184814e-02
8.146312832832336426e-02
8.304977416992187500e-02
8.346524834632873535e-02
8.434687554836273193e-02
8.190032839775085449e-02
8.202981948852539062e-02
8.376342803239822388e-02
8.237962424755096436e-02
8.403836190700531006e-02
8.134467899799346924e-02
8.291409164667129517e-02
8.332148194313049316e-02
8.419518172740936279e-02
8.177813887596130371e-02
7.058874517679214478e-02
7.231000810861587524e-02
7.094240188598632812e-02
7.258929312229156494e-02
6.992736458778381348e-02
7.148213684558868408e-02
7.189145684242248535e-02
7.276000082492828369e-02
7.037280499935150146e-02
7.049691677093505859e-02
7.220207899808883667e-02
7.084726542234420776e-02
7.247740775346755981e-02
6.984404474496841431e-02
7.138337939977645874e-02
7.178412377834320068e-02
7.264504581689834595e-02
7.028597593307495117e-02
7.040583342313766479e-02
7.209487259387969971e-02
8.245363831520080566e-02
8.406318724155426025e-02
8.145417273044586182e-02
8.297299593687057495e-02
8.336313813924789429e-02
8.421236276626586914e-02
8.187712728977203369e-02
8.198911696672439575e-02
8.365780115127563477e-02
8.232475817203521729e-02
8.391644060611724854e-02
8.133542537689208984e-02
8.283911645412445068e-02
8.322445303201675415e-02
8.406629413366317749e-02
8.175447583198547363e-02
8.186432719230651855e-02
8.351722359657287598e-02
8.219638466835021973e-02
8.377180993556976318e-02
6.948016583919525146e-02
7.097265869379043579e-02
7.135640084743499756e-02
7.219464331865310669e-02
6.991305947303771973e-02
7.002007961273193359e-02
7.166434824466705322e-02
7.035759091377258301e-02
7.192550599575042725e-02
6.939820200204849243e-02
7.087422162294387817e-02
7.125550508499145508e-02
7.208606600761413574e-02
6.982735544443130493e-02
6.993189454078674316e-02
7.156123965978622437e-02
7.026613503694534302e-02
7.181862741708755493e-02
6.931632012128829956e-02
7.077807933092117310e-02
8.322757482528686523e-02
8.404660224914550781e-02
8.180749416351318359e-02
8.190448582172393799e-02
8.351589739322662354e-02
8.222818374633789062e-02
8.376018702983856201e-02
8.127960562705993652e-02
8.272483944892883301e-02
8.308959007263183594e-02
8.390283584594726562e-02
8.168575167655944824e-02
8.178083598613739014e-02
8.337789028882980347e-02
8.210127800703048706e-02
8.361852169036865234e-02
8.116203546524047852e-02
8.259387314319610596e-02
8.295299112796783447e-02
8.375969529151916504e-02
7.015693187713623047e-02
7.025125622749328613e-02
7.184083759784698486e-02
7.057742774486541748e-02
7.208647578954696655e-02
6.965557485818862915e-02
7.107792049646377563e-02
7.143772393465042114e-02
7.224125415086746216e-02
7.007223367691040039e-02
7.016339898109436035e-02
7.174024730920791626e-02
7.048691064119338989e-02
7.198338210582733154e-02
6.957361102104187012e-02
7.098241150379180908e-02
7.134028524160385132e-02
7.213699072599411011e-02
6.998771429061889648e-02
7.007586956024169922e-02
8.298158645629882812e-02
8.173432201147079468e-02
8.321341127157211304e-02
8.082167059183120728e-02
8.221480995416641235e-02
8.256217837333679199e-02
8.334945142269134521e-02
8.121642470359802246e-02
8.129809796810150146e-02
8.284681290388107300e-02
8.160929381847381592e-02
8.307584375143051147e-02
8.070508390665054321e-02
8.208537846803665161e-02
8.242937922477722168e-02
8.321006596088409424e-02
8.109757304191589355e-02
8.117601275444030762e-02
8.271284401416778564e-02
8.148476481437683105e-02
7.171106338500976562e-02
6.936503946781158447e-02
7.073761522769927979e-02
7.108203321695327759e-02
7.186062633991241455e-02
6.977042555809020996e-02
6.984938681125640869e-02
7.138001173734664917e-02
7.016374170780181885e-02
7.161100953817367554e-02
6.928379833698272705e-02
7.064507901668548584e-02
7.098534703254699707e-02
7.175804674625396729e-02
6.968756020069122314e-02
6.976346671581268311e-02
7.128242403268814087e-02
7.007546722888946533e-02
7.151072472333908081e-02
6.920279562473297119e-02
8.226182311773300171e-02
8.259356021881103516e-02
8.335654437541961670e-02
8.129933476448059082e-02
8.136984705924987793e-02
8.287379145622253418e-02
8.167184889316558838e-02
8.309125155210494995e-02
8.079797029495239258e-02
8.213318884372711182e-02
8.246256411075592041e-02
8.321985602378845215e-02
8.118008822202682495e-02
8.124764263629913330e-02
8.274085819721221924e-02
8.154757320880889893e-02
8.295517414808273315e-02
8.068113029003143311e-02
8.200610429048538208e-02
8.233049511909484863e-02
7.133216410875320435e-02
6.931430846452713013e-02
6.938230246305465698e-02
7.087053358554840088e-02
6.968861818313598633e-02
7.109186053276062012e-02
6.883800029754638672e-02
7.015454769134521484e-02
7.048401236534118652e-02
7.123360782861709595e-02
6.923215091228485107e-02
6.929740309715270996e-02
7.077544182538986206e-02
6.960158050060272217e-02
7.099353522062301636e-02
6.875775009393692017e-02
7.006502896547317505e-02
7.038991153240203857e-02
7.113467901945114136e-02
6.914910674095153809e-02
8.098010718822479248e-02
8.244364708662033081e-02
8.127436786890029907e-02
8.264970779418945312e-02
8.042863756418228149e-02
8.172264695167541504e-02
8.203816413879394531e-02
8.277442306280136108e-02
8.080124855041503906e-02
8.085826784372329712e-02
8.231298625469207764e-02
8.115109801292419434e-02
8.251778781414031982e-02
8.031208068132400513e-02
8.159581571817398071e-02
8.190943300724029541e-02
8.264012634754180908e-02
8.068289607763290405e-02
8.073723316192626953e-02
8.218294382095336914e-02
6.933770328760147095e-02
7.069901376962661743e-02
6.851331144571304321e-02
6.979082524776458740e-02
7.010743767023086548e-02
7.083677500486373901e-02
6.889840960502624512e-02
6.895444542169570923e-02
7.039516419172286987e-02
6.925187259912490845e-02
7.060447335243225098e-02
6.843416392803192139e-02
6.970177590847015381e-02
7.001575827598571777e-02
7.074023038148880005e-02
6.881671398878097534e-02
6.887067854404449463e-02
7.030256092548370361e-02
6.916628032922744751e-02
7.050858438014984131e-02
0.000000000000000000e+00
0.000000000000000000e+00
0.000000000000000000e+00
0.000000000000000000e+00
0.000000000000000000e+00
0.000000000000000000e+00
0.000000000000000000e+00
0.000000000000000000e+00
0.000000000000000000e+00
0.000000000000000000e+00
0.000000000000000000e+00
0.000000000000000000e+00
0.000000000000000000e+00
0.000000000000000000e+00
0.000000000000000000e+00
0.000000000000000000e+00
0.000000000000000000e+00
0.000000000000000000e+00
0.000000000000000000e+00
0.000000000000000000e+00
0.000000000000000000e+00
0.000000000000000000e+00
0.000000000000000000e+00
0.000000000000000000e+00
0.000000000000000000e+00
0.000000000000000000e+00
0.000000000000000000e+00
0.000000000000000000e+00
0.000000000000000000e+00
0.000000000000000000e+00
0.000000000000000000e+00
0.000000000000000000e+00
0.000000000000000000e+00
0.000000000000000000e+00
0.000000000000000000e+00
0.000000000000000000e+00
0.000000000000000000e+00
0.000000000000000000e+00
0.000000000000000000e+00
0.000000000000000000e+00
0.000000000000000000e+00
0.000000000000000000e+00
0.000000000000000000e+00
0.000000000000000000e+00
0.000000000000000000e+00
0.000000000000000000e+00
0.000000000000000000e+00
0.000000000000000000e+00
0.000000000000000000e+00
0.000000000000000000e+00
0.000000000000000000e+00
0.000000000000000000e+00
0.000000000000000000e+00
0.000000000000000000e+00
0.000000000000000000e+00
0.000000000000000000e+00
0.000000000000000000e+00
0.000000000000000000e+00
0.000000000000000000e+00
0.000000000000000000e+00
0.000000000000000000e+00
0.000000000000000000e+00
0.000000000000000000e+00
0.000000000000000000e+00
0.000000000000000000e+00
0.000000000000000000e+00
0.000000000000000000e+00
0.000000000000000000e+00
0.000000000000000000e+00
0.000000000000000000e+00
0.000000000000000000e+00
0.000000000000000000e+00
0.000000000000000000e+00
0.000000000000000000e+00
0.000000000000000000e+00
0.000000000000000000e+00
0.000000000000000000e+00
0.000000000000000000e+00
0.000000000000000000e+00
0.000000000000000000e+00
0.000000000000000000e+00
0.000000000000000000e+00
0.000000000000000000e+00
0.000000000000000000e+00
0.000000000000000000e+00
0.000000000000000000e+00
0.000000000000000000e+00
0.000000000000000000e+00
0.000000000000000000e+00
0.000000000000000000e+00
0.000000000000000000e+00
0.000000000000000000e+00
0.000000000000000000e+00
0.000000000000000000e+00
0.000000000000000000e+00
0.000000000000000000e+00
0.000000000000000000e+00
0.000000000000000000e+00
0.000000000000000000e+00
0.000000000000000000e+00
0.000000000000000000e+00
0.000000000000000000e+00
0.000000000000000000e+00
0.000000000000000000e+00
0.000000000000000000e+00
0.000000000000000000e+00
0.000000000000000000e+00
0.000000000000000000e+00
0.000000000000000000e+00
0.000000000000000000e+00
0.000000000000000000e+00
0.000000000000000000e+00
0.000000000000000000e+00
0.000000000000000000e+00
0.000000000000000000e+00
0.000000000000000000e+00
0.000000000000000000e+00
0.000000000000000000e+00
0.000000000000000000e+00
0.000000000000000000e+00
0.000000000000000000e+00
0.000000000000000000e+00
0.000000000000000000e+00
0.000000000000000000e+00
0.000000000000000000e+00
0.000000000000000000e+00
0.000000000000000000e+00
0.000000000000000000e+00
0.000000000000000000e+00
0.000000000000000000e+00
0.000000000000000000e+00
0.000000000000000000e+00
0.000000000000000000e+00
0.000000000000000000e+00
0.000000000000000000e+00
0.000000000000000000e+00
0.000000000000000000e+00
0.000000000000000000e+00
0.000000000000000000e+00
0.000000000000000000e+00
0.000000000000000000e+00
0.000000000000000000e+00
0.000000000000000000e+00
0.000000000000000000e+00
0.000000000000000000e+00
0.000000000000000000e+00
0.000000000000000000e+00
0.000000000000000000e+00
0.000000000000000000e+00
0.000000000000000000e+00
0.000000000000000000e+00
0.000000000000000000e+00
0.000000000000000000e+00
0.000000000000000000e+00
0.000000000000000000e+00
0.000000000000000000e+00
0.000000000000000000e+00
0.000000000000000000e+00
0.000000000000000000e+00
0.000000000000000000e+00
0.000000000000000000e+00
0.000000000000000000e+00
0.000000000000000000e+00
0.000000000000000000e+00
0.000000000000000000e+00
0.000000000000000000e+00
0.000000000000000000e+00
0.000000000000000000e+00
0.000000000000000000e+00
0.000000000000000000e+00
0.000000000000000000e+00
0.000000000000000000e+00
0.000000000000000000e+00
0.000000000000000000e+00
0.000000000000000000e+00
0.000000000000000000e+00
0.000000000000000000e+00
0.000000000000000000e+00
0.000000000000000000e+00
0.000000000000000000e+00
0.000000000000000000e+00
0.000000000000000000e+00
0.000000000000000000e+00
0.000000000000000000e+00
0.000000000000000000e+00
0.000000000000000000e+00
0.000000000000000000e+00
0.000000000000000000e+00
0.000000000000000000e+00
0.000000000000000000e+00
0.000000000000000000e+00
0.000000000000000000e+00
0.000000000000000000e+00
0.000000000000000000e+00
0.000000000000000000e+00
0.000000000000000000e+00
0.000000000000000000e+00
0.000000000000000000e+00
0.000000000000000000e+00
0.000000000000000000e+00
0.000000000000000000e+00
0.000000000000000000e+00
0.000000000000000000e+00
0.000000000000000000e+00
0.000000000000000000e+00
0.000000000000000000e+00
0.000000000000000000e+00
0.000000000000000000e+00
0.000000000000000000e+00
0.000000000000000000e+00
0.000000000000000000e+00
0.000000000000000000e+00
0.000000000000000000e+00
0.000000000000000000e+00
0.000000000000000000e+00
0.000000000000000000e+00
0.000000000000000000e+00
0.000000000000000000e+00
0.000000000000000000e+00
0.000000000000000000e+00
0.000000000000000000e+00
0.000000000000000000e+00
0.000000000000000000e+00
0.000000000000000000e+00
0.000000000000000000e+00
0.000000000000000000e+00
0.000000000000000000e+00
0.000000000000000000e+00
0.000000000000000000e+00
0.000000000000000000e+00
0.000000000000000000e+00
0.000000000000000000e+00
0.000000000000000000e+00
0.000000000000000000e+00
0.000000000000000000e+00
0.000000000000000000e+00
0.000000000000000000e+00
0.000000000000000000e+00
0.000000000000000000e+00
0.000000000000000000e+00
0.000000000000000000e+00
0.000000000000000000e+00
0.000000000000000000e+00
0.000000000000000000e+00
0.000000000000000000e+00
0.000000000000000000e+00
0.000000000000000000e+00
0.000000000000000000e+00
0.000000000000000000e+00
0.000000000000000000e+00
0.000000000000000000e+00
0.000000000000000000e+00
0.000000000000000000e+00
0.000000000000000000e+00
0.000000000000000000e+00
0.000000000000000000e+00
0.000000000000000000e+00
0.000000000000000000e+00
0.000000000000000000e+00
0.000000000000000000e+00
0.000000000000000000e+00
0.000000000000000000e+00
0.000000000000000000e+00
0.000000000000000000e+00
0.000000000000000000e+00
0.000000000000000000e+00
0.000000000000000000e+00
0.000000000000000000e+00
0.000000000000000000e+00
0.000000000000000000e+00
0.000000000000000000e+00
0.000000000000000000e+00
0.000000000000000000e+00
0.000000000000000000e+00
0.000000000000000000e+00
0.000000000000000000e+00
0.000000000000000000e+00
0.000000000000000000e+00
0.000000000000000000e+00
0.000000000000000000e+00
0.000000000000000000e+00
0.000000000000000000e+00
0.000000000000000000e+00
0.000000000000000000e+00
0.000000000000000000e+00
0.000000000000000000e+00
0.000000000000000000e+00
0.000000000000000000e+00
0.000000000000000000e+00
0.000000000000000000e+00
0.000000000000000000e+00
0.000000000000000000e+00
0.000000000000000000e+00
0.000000000000000000e+00
0.000000000000000000e+00
0.000000000000000000e+00
0.000000000000000000e+00
0.000000000000000000e+00
0.000000000000000000e+00
0.000000000000000000e+00
0.000000000000000000e+00
0.000000000000000000e+00
0.000000000000000000e+00
0.000000000000000000e+00
0.000000000000000000e+00
0.000000000000000000e+00
0.000000000000000000e+00
0.000000000000000000e+00
0.000000000000000000e+00
0.000000000000000000e+00
0.000000000000000000e+00
0.000000000000000000e+00
0.000000000000000000e+00
0.000000000000000000e+00
0.000000000000000000e+00
0.000000000000000000e+00
0.000000000000000000e+00
0.000000000000000000e+00
0.000000000000000000e+00
0.000000000000000000e+00
0.000000000000000000e+00
0.000000000000000000e+00
0.000000000000000000e+00
0.000000000000000000e+00
0.000000000000000000e+00
0.000000000000000000e+00
0.000000000000000000e+00
0.000000000000000000e+00
0.000000000000000000e+00
0.000000000000000000e+00
0.000000000000000000e+00
0.000000000000000000e+00
0.000000000000000000e+00
0.000000000000000000e+00
0.000000000000000000e+00
0.000000000000000000e+00
0.000000000000000000e+00
0.000000000000000000e+00
0.000000000000000000e+00
0.000000000000000000e+00
0.000000000000000000e+00
0.000000000000000000e+00
0.000000000000000000e+00
0.000000000000000000e+00
0.000000000000000000e+00
0.000000000000000000e+00
0.000000000000000000e+00
0.000000000000000000e+00
0.000000000000000000e+00
0.000000000000000000e+00
0.000000000000000000e+00
0.000000000000000000e+00
0.000000000000000000e+00
0.000000000000000000e+00
0.000000000000000000e+00
0.000000000000000000e+00
0.000000000000000000e+00
0.000000000000000000e+00
0.000000000000000000e+00
0.000000000000000000e+00
0.000000000000000000e+00
0.000000000000000000e+00
0.000000000000000000e+00
0.000000000000000000e+00
0.000000000000000000e+00
0.000000000000000000e+00
0.000000000000000000e+00
0.000000000000000000e+00
0.000000000000000000e+00
0.000000000000000000e+00
0.000000000000000000e+00
0.000000000000000000e+00
0.000000000000000000e+00
0.000000000000000000e+00
0.000000000000000000e+00
0.000000000000000000e+00
0.000000000000000000e+00
0.000000000000000000e+00
0.000000000000000000e+00
0.000000000000000000e+00
0.000000000000000000e+00
0.000000000000000000e+00
0.000000000000000000e+00
0.000000000000000000e+00
0.000000000000000000e+00
0.000000000000000000e+00
0.000000000000000000e+00
0.000000000000000000e+00
0.000000000000000000e+00
0.000000000000000000e+00
0.000000000000000000e+00
0.000000000000000000e+00
0.000000000000000000e+00
0.000000000000000000e+00
0.000000000000000000e+00
0.000000000000000000e+00
0.000000000000000000e+00
0.000000000000000000e+00
0.000000000000000000e+00
0.000000000000000000e+00
0.000000000000000000e+00
0.000000000000000000e+00
0.000000000000000000e+00
0.000000000000000000e+00
0.000000000000000000e+00
0.000000000000000000e+00
0.000000000000000000e+00
0.000000000000000000e+00
0.000000000000000000e+00
0.000000000000000000e+00
0.000000000000000000e+00
0.000000000000000000e+00
0.000000000000000000e+00
0.000000000000000000e+00
0.000000000000000000e+00
0.000000000000000000e+00
0.000000000000000000e+00
0.000000000000000000e+00
0.000000000000000000e+00
0.000000000000000000e+00
0.000000000000000000e+00
0.000000000000000000e+00
0.000000000000000000e+00
0.000000000000000000e+00
0.000000000000000000e+00
0.000000000000000000e+00
0.000000000000000000e+00
0.000000000000000000e+00
0.000000000000000000e+00
0.000000000000000000e+00
0.000000000000000000e+00
0.000000000000000000e+00
0.000000000000000000e+00
0.000000000000000000e+00
0.000000000000000000e+00
0.000000000000000000e+00
0.000000000000000000e+00
0.000000000000000000e+00
0.000000000000000000e+00
0.000000000000000000e+00
0.000000000000000000e+00
0.000000000000000000e+00
0.000000000000000000e+00
0.000000000000000000e+00
0.000000000000000000e+00
0.000000000000000000e+00
0.000000000000000000e+00
0.000000000000000000e+00
0.000000000000000000e+00
0.000000000000000000e+00
0.000000000000000000e+00
0.000000000000000000e+00
0.000000000000000000e+00
0.000000000000000000e+00
0.000000000000000000e+00
0.000000000000000000e+00
0.000000000000000000e+00
0.000000000000000000e+00
0.000000000000000000e+00
0.000000000000000000e+00
0.000000000000000000e+00
0.000000000000000000e+00
0.000000000000000000e+00
0.000000000000000000e+00
0.000000000000000000e+00
0.000000000000000000e+00
0.000000000000000000e+00
0.000000000000000000e+00
0.000000000000000000e+00
0.000000000000000000e+00
0.000000000000000000e+00
0.000000000000000000e+00
0.000000000000000000e+00
0.000000000000000000e+00
0.000000000000000000e+00
0.000000000000000000e+00
0.000000000000000000e+00
0.000000000000000000e+00
0.000000000000000000e+00
0.000000000000000000e+00
0.000000000000000000e+00
0.000000000000000000e+00
0.000000000000000000e+00
0.000000000000000000e+00
0.000000000000000000e+00
0.000000000000000000e+00
0.000000000000000000e+00
0.000000000000000000e+00
0.000000000000000000e+00
0.000000000000000000e+00
0.000000000000000000e+00
0.000000000000000000e+00
0.000000000000000000e+00
0.000000000000000000e+00
0.000000000000000000e+00
0.000000000000000000e+00
0.000000000000000000e+00
0.000000000000000000e+00
0.000000000000000000e+00
0.000000000000000000e+00
0.000000000000000000e+00
0.000000000000000000e+00
0.000000000000000000e+00
0.000000000000000000e+00
0.000000000000000000e+00
0.000000000000000000e+00
0.000000000000000000e+00
0.000000000000000000e+00
0.000000000000000000e+00
0.000000000000000000e+00
0.000000000000000000e+00
0.000000000000000000e+00
0.000000000000000000e+00
0.000000000000000000e+00
0.000000000000000000e+00
0.000000000000000000e+00
0.000000000000000000e+00
0.000000000000000000e+00
0.000000000000000000e+00
0.000000000000000000e+00
0.000000000000000000e+00
0.000000000000000000e+00
0.000000000000000000e+00
0.000000000000000000e+00
0.000000000000000000e+00
0.000000000000000000e+00
0.000000000000000000e+00
0.000000000000000000e+00
0.000000000000000000e+00
0.000000000000000000e+00
0.000000000000000000e+00
0.000000000000000000e+00
0.000000000000000000e+00
0.000000000000000000e+00
0.000000000000000000e+00
0.000000000000000000e+00
0.000000000000000000e+00
0.000000000000000000e+00
0.000000000000000000e+00
0.000000000000000000e+00
0.000000000000000000e+00
0.000000000000000000e+00
0.000000000000000000e+00
0.000000000000000000e+00
0.000000000000000000e+00
0.000000000000000000e+00
0.000000000000000000e+00
0.000000000000000000e+00
0.000000000000000000e+00
0.000000000000000000e+00
0.000000000000000000e+00
0.000000000000000000e+00
0.000000000000000000e+00
0.000000000000000000e+00
0.000000000000000000e+00
0.000000000000000000e+00
0.000000000000000000e+00
0.000000000000000000e+00
0.000000000000000000e+00
0.000000000000000000e+00
0.000000000000000000e+00
0.000000000000000000e+00
0.000000000000000000e+00
0.000000000000000000e+00
0.000000000000000000e+00
0.000000000000000000e+00
0.000000000000000000e+00
0.000000000000000000e+00
0.000000000000000000e+00
0.000000000000000000e+00
0.000000000000000000e+00
0.000000000000000000e+00
0.000000000000000000e+00
0.000000000000000000e+00
0.000000000000000000e+00
0.000000000000000000e+00
0.000000000000000000e+00
0.000000000000000000e+00
0.000000000000000000e+00
0.000000000000000000e+00
0.000000000000000000e+00
0.000000000000000000e+00
0.000000000000000000e+00
0.000000000000000000e+00
0.000000000000000000e+00
0.000000000000000000e+00
0.000000000000000000e+00
0.000000000000000000e+00
0.000000000000000000e+00
0.000000000000000000e+00
0.000000000000000000e+00
0.000000000000000000e+00
0.000000000000000000e+00
0.000000000000000000e+00
0.000000000000000000e+00
0.000000000000000000e+00
0.000000000000000000e+00
0.000000000000000000e+00
0.000000000000000000e+00
0.000000000000000000e+00
0.000000000000000000e+00
0.000000000000000000e+00
0.000000000000000000e+00
0.000000000000000000e+00
0.000000000000000000e+00
0.000000000000000000e+00
0.000000000000000000e+00
0.000000000000000000e+00
0.000000000000000000e+00
0.000000000000000000e+00
0.000000000000000000e+00
0.000000000000000000e+00
0.000000000000000000e+00
0.000000000000000000e+00
0.000000000000000000e+00
0.000000000000000000e+00
0.000000000000000000e+00
0.000000000000000000e+00
0.000000000000000000e+00
0.000000000000000000e+00
0.000000000000000000e+00
0.000000000000000000e+00
0.000000000000000000e+00
0.000000000000000000e+00
0.000000000000000000e+00
0.000000000000000000e+00
0.000000000000000000e+00
0.000000000000000000e+00
0.000000000000000000e+00
0.000000000000000000e+00
0.000000000000000000e+00
0.000000000000000000e+00
0.000000000000000000e+00
0.000000000000000000e+00
0.000000000000000000e+00
0.000000000000000000e+00
0.000000000000000000e+00
0.000000000000000000e+00
0.000000000000000000e+00
0.000000000000000000e+00
0.000000000000000000e+00
0.000000000000000000e+00
0.000000000000000000e+00
0.000000000000000000e+00
0.000000000000000000e+00
0.000000000000000000e+00
0.000000000000000000e+00
0.000000000000000000e+00
0.000000000000000000e+00
0.000000000000000000e+00
0.000000000000000000e+00
0.000000000000000000e+00
0.000000000000000000e+00
0.000000000000000000e+00
0.000000000000000000e+00
0.000000000000000000e+00
0.000000000000000000e+00
0.000000000000000000e+00
0.000000000000000000e+00
0.000000000000000000e+00
0.000000000000000000e+00
0.000000000000000000e+00
0.000000000000000000e+00
0.000000000000000000e+00
0.000000000000000000e+00
0.000000000000000000e+00
0.000000000000000000e+00
0.000000000000000000e+00
0.000000000000000000e+00
0.000000000000000000e+00
0.000000000000000000e+00
0.000000000000000000e+00
0.000000000000000000e+00
0.000000000000000000e+00
0.000000000000000000e+00
0.000000000000000000e+00
0.000000000000000000e+00
0.000000000000000000e+00
0.000000000000000000e+00
0.000000000000000000e+00
0.000000000000000000e+00
0.000000000000000000e+00
0.000000000000000000e+00
0.000000000000000000e+00
0.000000000000000000e+00
0.000000000000000000e+00
0.000000000000000000e+00
0.000000000000000000e+00
0.000000000000000000e+00
0.000000000000000000e+00
0.000000000000000000e+00
0.000000000000000000e+00
0.000000000000000000e+00
0.000000000000000000e+00
0.000000000000000000e+00
0.000000000000000000e+00
0.000000000000000000e+00
0.000000000000000000e+00
0.000000000000000000e+00
0.000000000000000000e+00
0.000000000000000000e+00
0.000000000000000000e+00
0.000000000000000000e+00
0.000000000000000000e+00
0.000000000000000000e+00
0.000000000000000000e+00
0.000000000000000000e+00
0.000000000000000000e+00
0.000000000000000000e+00
0.000000000000000000e+00
0.000000000000000000e+00
0.000000000000000000e+00
0.000000000000000000e+00
0.000000000000000000e+00
0.000000000000000000e+00
0.000000000000000000e+00
0.000000000000000000e+00
0.000000000000000000e+00
0.000000000000000000e+00
0.000000000000000000e+00
0.000000000000000000e+00
0.000000000000000000e+00
0.000000000000000000e+00
0.000000000000000000e+00
0.000000000000000000e+00
0.000000000000000000e+00
0.000000000000000000e+00
0.000000000000000000e+00
0.000000000000000000e+00
0.000000000000000000e+00
0.000000000000000000e+00
0.000000000000000000e+00
0.000000000000000000e+00
0.000000000000000000e+00
0.000000000000000000e+00
0.000000000000000000e+00
0.000000000000000000e+00
0.000000000000000000e+00
0.000000000000000000e+00
0.000000000000000000e+00
0.000000000000000000e+00
0.000000000000000000e+00
0.000000000000000000e+00
0.000000000000000000e+00
0.000000000000000000e+00
0.000000000000000000e+00
0.000000000000000000e+00
0.000000000000000000e+00
0.000000000000000000e+00
0.000000000000000000e+00
0.000000000000000000e+00
0.000000000000000000e+00
0.000000000000000000e+00
0.000000000000000000e+00
0.000000000000000000e+00
0.000000000000000000e+00
0.000000000000000000e+00
0.000000000000000000e+00
0.000000000000000000e+00
0.000000000000000000e+00
0.000000000000000000e+00
0.000000000000000000e+00
0.000000000000000000e+00
0.000000000000000000e+00
0.000000000000000000e+00
0.000000000000000000e+00
0.000000000000000000e+00
0.000000000000000000e+00
0.000000000000000000e+00
0.000000000000000000e+00
0.000000000000000000e+00
0.000000000000000000e+00
0.000000000000000000e+00
0.000000000000000000e+00
0.000000000000000000e+00
0.000000000000000000e+00
0.000000000000000000e+00
0.000000000000000000e+00
0.000000000000000000e+00
0.000000000000000000e+00
0.000000000000000000e+00
0.000000000000000000e+00
0.000000000000000000e+00
0.000000000000000000e+00
0.000000000000000000e+00
0.000000000000000000e+00
0.000000000000000000e+00
0.000000000000000000e+00
0.000000000000000000e+00
0.000000000000000000e+00
0.000000000000000000e+00
0.000000000000000000e+00
0.000000000000000000e+00
0.000000000000000000e+00
0.000000000000000000e+00
0.000000000000000000e+00
0.000000000000000000e+00
0.000000000000000000e+00
0.000000000000000000e+00
0.000000000000000000e+00
0.000000000000000000e+00
0.000000000000000000e+00
0.000000000000000000e+00
0.000000000000000000e+00
0.000000000000000000e+00
0.000000000000000000e+00
0.000000000000000000e+00
0.000000000000000000e+00
0.000000000000000000e+00
0.000000000000000000e+00
0.000000000000000000e+00
0.000000000000000000e+00
0.000000000000000000e+00
0.000000000000000000e+00
0.000000000000000000e+00
0.000000000000000000e+00
0.000000000000000000e+00
0.000000000000000000e+00
0.000000000000000000e+00
0.000000000000000000e+00
0.000000000000000000e+00
0.000000000000000000e+00
0.000000000000000000e+00
0.000000000000000000e+00
0.000000000000000000e+00
0.000000000000000000e+00
0.000000000000000000e+00
0.000000000000000000e+00
0.000000000000000000e+00
0.000000000000000000e+00
0.000000000000000000e+00
0.000000000000000000e+00
0.000000000000000000e+00
0.000000000000000000e+00
0.000000000000000000e+00
0.000000000000000000e+00
0.000000000000000000e+00
0.000000000000000000e+00
0.000000000000000000e+00
0.000000000000000000e+00
0.000000000000000000e+00
0.000000000000000000e+00
0.000000000000000000e+00
0.000000000000000000e+00
0.000000000000000000e+00
0.000000000000000000e+00
0.000000000000000000e+00
0.000000000000000000e+00
0.000000000000000000e+00
0.000000000000000000e+00
0.000000000000000000e+00
0.000000000000000000e+00
0.000000000000000000e+00
0.000000000000000000e+00
0.000000000000000000e+00
0.000000000000000000e+00
0.000000000000000000e+00
0.000000000000000000e+00
0.000000000000000000e+00
0.000000000000000000e+00
0.000000000000000000e+00
0.000000000000000000e+00
0.000000000000000000e+00
0.000000000000000000e+00
0.000000000000000000e+00
0.000000000000000000e+00
0.000000000000000000e+00
0.000000000000000000e+00
0.000000000000000000e+00
0.000000000000000000e+00
0.000000000000000000e+00
0.000000000000000000e+00
0.000000000000000000e+00
0.000000000000000000e+00
0.000000000000000000e+00
0.000000000000000000e+00
0.000000000000000000e+00
0.000000000000000000e+00
0.000000000000000000e+00
0.000000000000000000e+00
0.000000000000000000e+00
0.000000000000000000e+00
0.000000000000000000e+00
0.000000000000000000e+00
0.000000000000000000e+00
0.000000000000000000e+00
0.000000000000000000e+00
0.000000000000000000e+00
0.000000000000000000e+00
0.000000000000000000e+00
0.000000000000000000e+00
0.000000000000000000e+00
0.000000000000000000e+00
0.000000000000000000e+00
0.000000000000000000e+00
0.000000000000000000e+00
0.000000000000000000e+00
0.000000000000000000e+00
0.000000000000000000e+00
0.000000000000000000e+00
0.000000000000000000e+00
0.000000000000000000e+00
0.000000000000000000e+00
0.000000000000000000e+00
0.000000000000000000e+00
0.000000000000000000e+00
0.000000000000000000e+00
0.000000000000000000e+00
0.000000000000000000e+00
0.000000000000000000e+00
0.000000000000000000e+00
0.000000000000000000e+00
0.000000000000000000e+00
0.000000000000000000e+00
0.000000000000000000e+00
0.000000000000000000e+00
0.000000000000000000e+00
0.000000000000000000e+00
0.000000000000000000e+00
0.000000000000000000e+00
0.000000000000000000e+00
0.000000000000000000e+00
0.000000000000000000e+00
0.000000000000000000e+00
0.000000000000000000e+00
0.000000000000000000e+00
0.000000000000000000e+00
0.000000000000000000e+00
0.000000000000000000e+00
0.000000000000000000e+00
0.000000000000000000e+00
0.000000000000000000e+00
0.000000000000000000e+00
0.000000000000000000e+00
0.000000000000000000e+00
0.000000000000000000e+00
0.000000000000000000e+00
0.000000000000000000e+00
0.000000000000000000e+00
0.000000000000000000e+00
0.000000000000000000e+00
0.000000000000000000e+00
0.000000000000000000e+00
0.000000000000000000e+00
0.000000000000000000e+00
0.000000000000000000e+00
0.000000000000000000e+00
0.000000000000000000e+00
0.000000000000000000e+00
0.000000000000000000e+00
0.000000000000000000e+00
0.000000000000000000e+00
0.000000000000000000e+00
0.000000000000000000e+00
0.000000000000000000e+00
0.000000000000000000e+00
0.000000000000000000e+00
0.000000000000000000e+00
0.000000000000000000e+00
0.000000000000000000e+00
0.000000000000000000e+00
0.000000000000000000e+00
0.000000000000000000e+00
0.000000000000000000e+00
0.000000000000000000e+00
0.000000000000000000e+00
0.000000000000000000e+00
0.000000000000000000e+00
0.000000000000000000e+00
0.000000000000000000e+00
0.000000000000000000e+00
0.000000000000000000e+00
0.000000000000000000e+00
0.000000000000000000e+00
0.000000000000000000e+00
0.000000000000000000e+00
0.000000000000000000e+00
0.000000000000000000e+00
0.000000000000000000e+00
0.000000000000000000e+00
0.000000000000000000e+00
0.000000000000000000e+00
0.000000000000000000e+00
0.000000000000000000e+00
0.000000000000000000e+00
0.000000000000000000e+00
0.000000000000000000e+00
0.000000000000000000e+00
0.000000000000000000e+00
0.000000000000000000e+00
0.000000000000000000e+00
0.000000000000000000e+00
0.000000000000000000e+00
0.000000000000000000e+00
0.000000000000000000e+00
0.000000000000000000e+00
0.000000000000000000e+00
0.000000000000000000e+00
0.000000000000000000e+00
