1.000000000000000000e+00
1.092335820198059082e+00
1.047588825225830078e+00
1.029773831367492676e+00
1.028425931930541992e+00
1.090704083442687988e+00
1.124889969825744629e+00
1.093590497970581055e+00
1.030496716499328613e+00
7.598073482513427734e-01
7.834479212760925293e-01
7.676066160202026367e-01
5.037341713905334473e-01
6.834521293640136719e-01
4.313874244689941406e-01
5.289973616600036621e-01
4.645650386810302734e-01
3.627102673053741455e-01
2.595878839492797852e-01
3.448793888092041016e-01
2.845484614372253418e-01
3.328724801540374756e-01
3.569848537445068359e-01
3.365993499755859375e-01
3.277882635593414307e-01
1.745768487453460693e-01
1.969627737998962402e-01
2.028065621852874756e-01
1.094365119934082031e-01
1.954517513513565063e-01
1.276955902576446533e-01
1.512754559516906738e-01
1.394395083189010620e-01
1.878626495599746704e-01
7.940582931041717529e-02
1.842061430215835571e-01
9.049226343631744385e-02
1.144545301795005798e-01
1.170609891414642334e-01
1.214734017848968506e-01
1.242939829826354980e-01
7.529182732105255127e-02
8.879408985376358032e-02
9.105668216943740845e-02
5.656614899635314941e-02
9.887114167213439941e-02
7.077110558748245239e-02
8.017432689666748047e-02
7.966611534357070923e-02
1.231758892536163330e-01
4.862422868609428406e-02
1.169899851083755493e-01
5.712783336639404297e-02
7.104626297950744629e-02
7.197667658329010010e-02
7.718318700790405273e-02
7.886277139186859131e-02
5.349569395184516907e-02
6.220548599958419800e-02
6.335274130105972290e-02
4.450462013483047485e-02
1.023193299770355225e-01
8.670586347579956055e-02
9.114750474691390991e-02
9.312955290079116821e-02
1.205326765775680542e-01
7.248445600271224976e-02
1.170324087142944336e-01
7.834053039550781250e-02
8.795990794897079468e-02
8.822308480739593506e-02
9.271317720413208008e-02
9.411226212978363037e-02
7.739692181348800659e-02
8.361265808343887329e-02
8.442853391170501709e-02
7.169989496469497681e-02
9.059448540210723877e-02
8.027733862400054932e-02
8.257769793272018433e-02
8.515235781669616699e-02
2.927687168121337891e-01
2.590656876564025879e-01
2.907969951629638672e-01
2.631137371063232422e-01
2.704419195652008057e-01
2.702580094337463379e-01
2.740723192691802979e-01
2.752377092838287354e-01
2.622857689857482910e-01
2.671478390693664551e-01
2.676815092563629150e-01
2.575266659259796143e-01
2.726587951183319092e-01
2.647145390510559082e-01
2.658978402614593506e-01
2.685285806655883789e-01
2.812085747718811035e-01
2.549016177654266357e-01
2.799801230430603027e-01
2.581360936164855957e-01
7.470910251140594482e-02
7.444375753402709961e-02
7.797054201364517212e-02
7.910078763961791992e-02
6.851053982973098755e-02
7.269706577062606812e-02
7.324501127004623413e-02
6.499916315078735352e-02
7.763316482305526733e-02
7.158044725656509399e-02
7.222601026296615601e-02
7.493740320205688477e-02
8.442988991737365723e-02
6.366905570030212402e-02
8.384805172681808472e-02
6.652781367301940918e-02
7.175728678703308105e-02
7.136869430541992188e-02
7.447601854801177979e-02
7.548890262842178345e-02
2.208720743656158447e-01
2.243154197931289673e-01
2.246481627225875854e-01
2.176370918750762939e-01
2.282480746507644653e-01
2.232845276594161987e-01
2.234049439430236816e-01
2.259394526481628418e-01
2.332164347171783447e-01
2.157277613878250122e-01
2.326846420764923096e-01
2.179480195045471191e-01
2.224820554256439209e-01
2.219218313694000244e-01
2.247068881988525391e-01
2.255402207374572754e-01
2.176276743412017822e-01
2.207140922546386719e-01
2.210204601287841797e-01
2.146701812744140625e-01
5.544896051287651062e-02
5.131202936172485352e-02
5.128613114356994629e-02
5.386790633201599121e-02
5.980456992983818054e-02
4.483167827129364014e-02
5.960756540298461914e-02
4.700370877981185913e-02
5.112847685813903809e-02
5.063978582620620728e-02
5.328287929296493530e-02
5.412948131561279297e-02
4.732940718531608582e-02
5.016561597585678101e-02
5.050829425454139709e-02
4.513017088174819946e-02
5.348509550094604492e-02
5.008125677704811096e-02
4.986040294170379639e-02
5.231122300028800964e-02
2.254030853509902954e-01
2.123868167400360107e-01
2.250843048095703125e-01
2.140001207590103149e-01
2.175675034523010254e-01
2.169360220432281494e-01
2.192673385143280029e-01
2.199456244707107544e-01
2.136516273021697998e-01
2.161257416009902954e-01
2.163277268409729004e-01
2.112147510051727295e-01
2.188210785388946533e-01
2.156731039285659790e-01
2.151992768049240112e-01
2.175019681453704834e-01
2.214366346597671509e-01
2.095441371202468872e-01
2.211699336767196655e-01
2.110463082790374756e-01
4.197753220796585083e-02
4.145870730280876160e-02
4.380970448255538940e-02
4.455653950572013855e-02
3.883600607514381409e-02
4.126634076237678528e-02
4.157634451985359192e-02
3.699156641960144043e-02
4.407476261258125305e-02
4.143866151571273804e-02
4.099975153803825378e-02
4.333100840449333191e-02
4.675512760877609253e-02
3.629642352461814880e-02
4.676781967282295227e-02
3.788739442825317383e-02
4.103012755513191223e-02
4.050642624497413635e-02
4.267368093132972717e-02
4.336160048842430115e-02
1.765656620264053345e-01
1.786889731884002686e-01
1.788649559020996094e-01
1.746027320623397827e-01
1.809747517108917236e-01
1.785706579685211182e-01
1.779647767543792725e-01
1.801311969757080078e-01
1.829791814088821411e-01
1.733168810606002808e-01
1.828393638134002686e-01
1.745888143777847290e-01
1.774583160877227783e-01
1.768359243869781494e-01
1.788438111543655396e-01
1.794113218784332275e-01
1.744178235530853271e-01
1.764449179172515869e-01
1.766257137060165405e-01
1.725223064422607422e-01
4.062260314822196960e-02
3.850612044334411621e-02
3.794492408633232117e-02
4.015655815601348877e-02
4.271128028631210327e-02
3.385702520608901978e-02
4.278082028031349182e-02
3.524258732795715332e-02
3.802327811717987061e-02
3.749580681324005127e-02
3.948267549276351929e-02
4.009689390659332275e-02
3.557809814810752869e-02
3.755327686667442322e-02
3.779775649309158325e-02
3.413471207022666931e-02
3.977191448211669922e-02
3.791834041476249695e-02
3.731872141361236572e-02
3.942999243736267090e-02
1.711634546518325806e-01
1.629646122455596924e-01
1.710743606090545654e-01
1.640430241823196411e-01
1.665533781051635742e-01
1.659414321184158325e-01
1.677571982145309448e-01
1.682577580213546753e-01
1.638994812965393066e-01
1.656893491744995117e-01
1.658428162336349487e-01
1.622413694858551025e-01
1.675447374582290649e-01
1.657403409481048584e-01
1.650217771530151367e-01
1.670299023389816284e-01
1.689113378524780273e-01
1.611191928386688232e-01
1.688428223133087158e-01
1.621627807617187500e-01
2.794201672077178955e-02
2.741470932960510254e-02
2.927200123667716980e-02
2.982942201197147369e-02
2.574499696493148804e-02
2.754884213209152222e-02
2.778233215212821960e-02
2.444452047348022461e-02
2.954153344035148621e-02
2.798562124371528625e-02
2.732736989855766296e-02
2.934688143432140350e-02
3.110869787633419037e-02
2.395618706941604614e-02
3.121055476367473602e-02
2.509615197777748108e-02
2.744191884994506836e-02
2.692591026425361633e-02
2.867135778069496155e-02
2.919750846922397614e-02
1.616763174533843994e-01
1.632806956768035889e-01
1.633997261524200439e-01
1.601702421903610229e-01
1.648764908313751221e-01
1.633706688880920410e-01
1.626075357198715210e-01
1.644915491342544556e-01
1.659712493419647217e-01
1.590960323810577393e-01
1.659077554941177368e-01
1.599963009357452393e-01
1.621840298175811768e-01
1.615756303071975708e-01
1.632157713174819946e-01
1.636445969343185425e-01
1.598246842622756958e-01
1.614002734422683716e-01
1.615338474512100220e-01
1.583344191312789917e-01
2.677169442176818848e-02
2.541966736316680908e-02
2.473022602498531342e-02
2.668645232915878296e-02
2.808901667594909668e-02
2.161161229014396667e-02
2.821040339767932892e-02
2.266878262162208557e-02
2.485764026641845703e-02
2.434418350458145142e-02
2.600935474038124084e-02
2.649954147636890411e-02
2.297581546008586884e-02
2.455998212099075317e-02
2.476356923580169678e-02
2.186175063252449036e-02
2.626221254467964172e-02
2.505130320787429810e-02
2.435614541172981262e-02
2.623164094984531403e-02
1.499732434749603271e-01
1.438131034374237061e-01
1.499431878328323364e-01
1.446334123611450195e-01
1.466380953788757324e-01
1.460533440113067627e-01
1.475895196199417114e-01
1.479886770248413086e-01
1.445181518793106079e-01
1.459727585315704346e-01
1.460978686809539795e-01
1.431865394115447998e-01
1.473959684371948242e-01
1.461671292781829834e-01
1.453815549612045288e-01
1.471815109252929688e-01
1.482408493757247925e-01
1.422590911388397217e-01
1.482220441102981567e-01
1.430713832378387451e-01
2.305402606725692749e-02
2.254444733262062073e-02
2.414074167609214783e-02
2.459747344255447388e-02
2.129654586315155029e-02
2.278762124478816986e-02
2.298970520496368408e-02
2.025028318166732788e-02
2.437708713114261627e-02
2.330455556511878967e-02
2.259316295385360718e-02
2.441570907831192017e-02
2.546433359384536743e-02
1.986066251993179321e-02
2.559239231050014496e-02
2.078172378242015839e-02
2.272781729698181152e-02
2.222926169633865356e-02
2.375075593590736389e-02
2.418643981218338013e-02
1.403672844171524048e-01
1.417127549648284912e-01
1.418247073888778687e-01
1.391307413578033447e-01
1.430044472217559814e-01
1.419339179992675781e-01
1.411415040493011475e-01
1.428596973419189453e-01
1.437348276376724243e-01
1.382524967193603516e-01
1.437197625637054443e-01
1.389885395765304565e-01
1.408253163099288940e-01
1.402501463890075684e-01
1.416951119899749756e-01
1.420522332191467285e-01
1.388770490884780884e-01
1.402140259742736816e-01
1.403369158506393433e-01
1.376449465751647949e-01
2.095158211886882782e-02
1.998722553253173828e-02
1.926281303167343140e-02
2.104663476347923279e-02
2.190753817558288574e-02
1.666808128356933594e-02
2.204603143036365509e-02
1.754514127969741821e-02
1.940221153199672699e-02
1.890683732926845551e-02
2.038343064486980438e-02
2.079707942903041840e-02
1.783046685159206390e-02
1.918641850352287292e-02
1.937086507678031921e-02
1.689326204359531403e-02
2.060431800782680511e-02
1.972361654043197632e-02
1.900402270257472992e-02
2.072281017899513245e-02
1.417675167322158813e-01
1.366859972476959229e-01
1.417507529258728027e-01
1.373545229434967041e-01
1.390687525272369385e-01
1.385031789541244507e-01
1.398713439702987671e-01
1.402021646499633789e-01
1.372285187244415283e-01
1.384816765785217285e-01
1.385923624038696289e-01
1.360618174076080322e-01
1.396500021219253540e-01
1.387208402156829834e-01
1.379175782203674316e-01
1.395711600780487061e-01
1.402231156826019287e-01
1.352141350507736206e-01
1.402163505554199219e-01
1.358887106180191040e-01
1.790537312626838684e-02
1.741268113255500793e-02
1.885636709630489349e-02
1.925119385123252869e-02
1.639513298869132996e-02
1.770442351698875427e-02
1.789305359125137329e-02
1.549261249601840973e-02
1.906006410717964172e-02
1.825501769781112671e-02
1.752678491175174713e-02
1.921750605106353760e-02
1.989991962909698486e-02
1.516183279454708099e-02
2.003765106201171875e-02
1.595820486545562744e-02
1.766700670123100281e-02
1.718528568744659424e-02
1.857150718569755554e-02
1.895042508840560913e-02
1.309495121240615845e-01
1.321350932121276855e-01
1.322412788867950439e-01
1.298550218343734741e-01
1.332293450832366943e-01
1.323986649513244629e-01
1.316028684377670288e-01
1.331986039876937866e-01
1.337537467479705811e-01
1.290612220764160156e-01
1.337550729513168335e-01
1.296938955783843994e-01
1.313159614801406860e-01
1.307620555162429810e-01
1.320841908454895020e-01
1.323930323123931885e-01
1.295911371707916260e-01
1.307793557643890381e-01
1.308975964784622192e-01
1.284933984279632568e-01
1.766995340585708618e-02
1.692685484886169434e-02
1.619483344256877899e-02
1.785833388566970825e-02
1.843337155878543854e-02
1.390501484274864197e-02
1.857760921120643616e-02
1.467765867710113525e-02
1.633650064468383789e-02
1.585706137120723724e-02
1.721916906535625458e-02
1.758465170860290527e-02
1.494697481393814087e-02
1.616574265062808990e-02
1.634335890412330627e-02
1.411468535661697388e-02
1.741012372076511383e-02
1.672244444489479065e-02
1.599747315049171448e-02
1.761186867952346802e-02
1.310918480157852173e-01
1.266552209854125977e-01
1.310917586088180542e-01
1.272452473640441895e-01
1.287848353385925293e-01
1.282414346933364868e-01
1.295104622840881348e-01
1.298027783632278442e-01
1.271399259567260742e-01
1.282726526260375977e-01
1.283826380968093872e-01
1.260915100574493408e-01
1.292949467897415161e-01
1.285542845726013184e-01
1.277531087398529053e-01
1.293097734451293945e-01
1.297344416379928589e-01
1.253280937671661377e-01
1.297437250614166260e-01
1.259287148714065552e-01
1.448694802820682526e-02
1.401008479297161102e-02
1.535342074930667877e-02
1.570760086178779602e-02
1.313586533069610596e-02
1.432678475975990295e-02
1.450895518064498901e-02
1.232279650866985321e-02
1.553111523389816284e-02
1.488996669650077820e-02
1.416146755218505859e-02
1.575604826211929321e-02
1.622850261628627777e-02
1.202907040715217590e-02
1.637098379433155060e-02
1.274693012237548828e-02
1.430222578346729279e-02
1.383522525429725647e-02
1.513204723596572876e-02
1.547433622181415558e-02
1.257607489824295044e-01
1.268422603607177734e-01
1.269442439079284668e-01
1.247523128986358643e-01
1.278032660484313965e-01
1.271241605281829834e-01
1.263283491134643555e-01
1.278378367424011230e-01
1.282031834125518799e-01
1.240052282810211182e-01
1.282097697257995605e-01
1.245692521333694458e-01
1.260511875152587891e-01
1.255116909742355347e-01
1.267535239458084106e-01
1.270282864570617676e-01
1.244643777608871460e-01
1.255546361207962036e-01
1.256704032421112061e-01
1.234482824802398682e-01
1.448964327573776245e-02
1.388579048216342926e-02
1.315247267484664917e-02
1.473617553710937500e-02
1.512926444411277771e-02
1.105984300374984741e-02
1.527792215347290039e-02
1.176585257053375244e-02
1.329435594379901886e-02
1.282762177288532257e-02
1.411432772874832153e-02
1.444729045033454895e-02
1.202494092285633087e-02
1.315262354910373688e-02
1.332751289010047913e-02
1.126088947057723999e-02
1.428262516856193542e-02
1.372247189283370972e-02
1.299472711980342865e-02
1.453668996691703796e-02
1.244196444749832153e-01
1.204030662775039673e-01
1.244282871484756470e-01
1.209393441677093506e-01
1.223626509308815002e-01
1.218340545892715454e-01
1.230363249778747559e-01
1.233012303709983826e-01
1.208412274718284607e-01
1.218910813331604004e-01
1.220023334026336670e-01
1.198669224977493286e-01
1.228161156177520752e-01
1.221944242715835571e-01
1.213983148336410522e-01
1.228873282670974731e-01
1.231596916913986206e-01
1.191531419754028320e-01
1.231793388724327087e-01
1.197025775909423828e-01
1.220950111746788025e-02
1.174399442970752716e-02
1.302164047956466675e-02
1.334701105952262878e-02
1.096368394792079926e-02
1.207379437983036041e-02
1.225412636995315552e-02
1.020974852144718170e-02
1.318074390292167664e-02
1.264750771224498749e-02
1.191855967044830322e-02
1.344929262995719910e-02
1.377759501338005066e-02
9.940251708030700684e-03
1.392501965165138245e-02
1.060533523559570312e-02
1.205818168818950653e-02
1.160210557281970978e-02
1.283881440758705139e-02
1.315560191869735718e-02
1.195938438177108765e-01
1.206043735146522522e-01
1.207097619771957397e-01
1.186499595642089844e-01
1.214856356382369995e-01
1.209103912115097046e-01
1.201166734099388123e-01
1.215698421001434326e-01
1.218057423830032349e-01
1.179487556219100952e-01
1.218227446079254150e-01
1.184705644845962524e-01
1.198590695858001709e-01
1.193326562643051147e-01
1.205210238695144653e-01
1.207751110196113586e-01
1.183771118521690369e-01
1.194007992744445801e-01
1.195188611745834351e-01
1.174240112304687500e-01
1.210431195795536041e-02
1.159540377557277679e-02
1.086223497986793518e-02
1.238764636218547821e-02
1.266021281480789185e-02
8.906323462724685669e-03
1.281307265162467957e-02
9.565792977809906006e-03
1.100323162972927094e-02
1.054650917649269104e-02
1.177953183650970459e-02
1.209017634391784668e-02
9.819421917200088501e-03
1.088182069361209869e-02
1.105663552880287170e-02
9.101560339331626892e-03
1.193324290215969086e-02
1.145796477794647217e-02
1.073222979903221130e-02
1.221966370940208435e-02
1.205074936151504517e-01
1.167791038751602173e-01
1.205234155058860779e-01
1.172755286097526550e-01
1.186175867915153503e-01
1.180978864431381226e-01
1.192546933889389038e-01
1.194989234209060669e-01
1.171781942248344421e-01
1.181692779064178467e-01
1.182815358042716980e-01
1.162519082427024841e-01
1.190249249339103699e-01
1.184873431921005249e-01
1.176898330450057983e-01
1.191304102540016174e-01
1.192996054887771606e-01
1.155650466680526733e-01
1.193280369043350220e-01
1.160766854882240295e-01
1.022898964583873749e-02
9.770035743713378906e-03
1.100370660424232483e-02
1.130918413400650024e-02
9.054869413375854492e-03
1.010936126112937927e-02
1.029002666473388672e-02
8.341176435351371765e-03
1.114732772111892700e-02
1.069109141826629639e-02
9.960325434803962708e-03
1.144566014409065247e-02
1.167609915137290955e-02
8.089371025562286377e-03
1.182669773697853088e-02
8.717466145753860474e-03
1.010006666183471680e-02
9.650615975260734558e-03
1.084688864648342133e-02
1.114512607455253601e-02
1.141071468591690063e-01
1.150691434741020203e-01
1.151784956455230713e-01
1.132103428244590759e-01
1.158961206674575806e-01
1.153944581747055054e-01
1.146038994193077087e-01
1.160165593028068542e-01
1.161650642752647400e-01
1.125474721193313599e-01
1.161928176879882812e-01
1.130410283803939819e-01
1.143649071455001831e-01
1.138484552502632141e-01
1.150000765919685364e-01
1.152395009994506836e-01
1.129606738686561584e-01
1.139365956187248230e-01
1.140585839748382568e-01
1.120537668466567993e-01
1.022547483444213867e-02
9.784383699297904968e-03
9.050928056240081787e-03
1.053383946418762207e-02
1.072167791426181793e-02
7.191723212599754333e-03
1.087795197963714600e-02
7.817354053258895874e-03
9.191881865262985229e-03
8.741110563278198242e-03
9.937860071659088135e-03
1.023234240710735321e-02
8.067011833190917969e-03
9.083019569516181946e-03
9.258806705474853516e-03
7.382620126008987427e-03
1.007876545190811157e-02
9.667463600635528564e-03
8.939292281866073608e-03
1.038963720202445984e-02
1.152086257934570312e-01
1.116929501295089722e-01
1.152330338954925537e-01
1.121649444103240967e-01
1.134510412812232971e-01
1.129405796527862549e-01
1.140647828578948975e-01
1.142968535423278809e-01
1.120808273553848267e-01
1.130300164222717285e-01
1.131464093923568726e-01
1.111953556537628174e-01
1.138410717248916626e-01
1.133667528629302979e-01
1.125716418027877808e-01
1.139790862798690796e-01
1.140707954764366150e-01
1.105434000492095947e-01
1.141057536005973816e-01
1.110315471887588501e-01
8.348586037755012512e-03
7.896151393651962280e-03
9.096039459109306335e-03
9.386304765939712524e-03
7.230078801512718201e-03
8.240228518843650818e-03
8.423201739788055420e-03
6.546448916196823120e-03
9.229393675923347473e-03
8.830830454826354980e-03
8.098721504211425781e-03
9.550256654620170593e-03
9.706001728773117065e-03
6.308201700448989868e-03
9.860055521130561829e-03
6.908562034368515015e-03
8.237622678279876709e-03
7.794439792633056641e-03
8.960777893662452698e-03
9.244360029697418213e-03
1.110260337591171265e-01
1.119477599859237671e-01
1.120609194040298462e-01
1.101600080728530884e-01
1.127332746982574463e-01
1.122866347432136536e-01
1.114949434995651245e-01
1.128766462206840515e-01
1.129580736160278320e-01
1.095177084207534790e-01
1.129919439554214478e-01
1.099875271320343018e-01
1.112623065710067749e-01
1.107521057128906250e-01
1.118767857551574707e-01
1.121036484837532043e-01
1.099113672971725464e-01
1.108493655920028687e-01
1.109753102064132690e-01
1.090347319841384888e-01
8.493088185787200928e-03
8.103210479021072388e-03
7.367819547653198242e-03
8.819231763482093811e-03
8.943626657128334045e-03
5.579374730587005615e-03
9.102970361709594727e-03
6.180282682180404663e-03
7.507432252168655396e-03
7.061719894409179688e-03
8.232405409216880798e-03
8.514007553458213806e-03
6.429366767406463623e-03
7.407527416944503784e-03
7.587464526295661926e-03
5.768096074461936951e-03
8.363453671336174011e-03
7.999671623110771179e-03
7.270885631442070007e-03
8.692078292369842529e-03
1.108642667531967163e-01
1.075060963630676270e-01
1.108979359269142151e-01
1.079602986574172974e-01
1.092050597071647644e-01
1.087013334035873413e-01
1.098039597272872925e-01
1.100253835320472717e-01
1.078885793685913086e-01
1.088039353489875793e-01
1.089272797107696533e-01
1.070334017276763916e-01
1.095842570066452026e-01
1.091575026512145996e-01
1.083649173378944397e-01
1.097441539168357849e-01
1.097877770662307739e-01
1.064087450504302979e-01
1.098311990499496460e-01
1.068790778517723083e-01
6.728775799274444580e-03
6.280034780502319336e-03
7.456164807081222534e-03
7.735298946499824524e-03
5.652826279401779175e-03
6.628051400184631348e-03
6.814967840909957886e-03
4.990518093109130859e-03
7.581261917948722839e-03
7.224157452583312988e-03
6.493441760540008545e-03
7.914841175079345703e-03
8.023276925086975098e-03
4.762765020132064819e-03
8.181292563676834106e-03
5.342056974768638611e-03
6.631493568420410156e-03
6.191512569785118103e-03
7.336098700761795044e-03
7.609523832798004150e-03
1.070149838924407959e-01
1.079074069857597351e-01
1.080273836851119995e-01
1.061768904328346252e-01
1.086642369627952576e-01
1.082601249217987061e-01
1.074730753898620605e-01
1.088282167911529541e-01
1.088644266128540039e-01
1.055600047111511230e-01
1.089073047041893005e-01
1.060141175985336304e-01
1.072532385587692261e-01
1.067489385604858398e-01
1.078543439507484436e-01
1.080729961395263672e-01
1.059508621692657471e-01
1.068585366010665894e-01
1.069914847612380981e-01
1.051004678010940552e-01
6.930027157068252563e-03
6.579322740435600281e-03
5.845479667186737061e-03
7.269516587257385254e-03
7.349113002419471741e-03
4.112306982278823853e-03
7.512532174587249756e-03
4.693526774644851685e-03
5.984134972095489502e-03
5.541671067476272583e-03
6.692036986351013184e-03
6.963800638914108276e-03
4.942858591675758362e-03
5.890656262636184692e-03
6.074851378798484802e-03
4.299432039260864258e-03
6.815485656261444092e-03
6.486164405941963196e-03
5.760291591286659241e-03
7.153453305363655090e-03
1.078899130225181580e-01
1.046487316489219666e-01
1.079296693205833435e-01
1.050872951745986938e-01
1.062991023063659668e-01
1.057997494935989380e-01
1.068845391273498535e-01
1.070988848805427551e-01
1.050235033035278320e-01
1.059113293886184692e-01
1.060404479503631592e-01
1.041889861226081848e-01
1.066646575927734375e-01
1.062727719545364380e-01
1.054849103093147278e-01
1.068385392427444458e-01
1.068459749221801758e-01
1.035816296935081482e-01
1.068957298994064331e-01
1.040369197726249695e-01
5.354961380362510681e-03
4.908796399831771851e-03
6.067998707294464111e-03
6.338430568575859070e-03
4.312945529818534851e-03
5.260288715362548828e-03
5.452331155538558960e-03
3.666024655103683472e-03
6.184488534927368164e-03
5.859371274709701538e-03
5.130849778652191162e-03
6.527418270707130432e-03
6.600778549909591675e-03
3.445915877819061279e-03
6.763909012079238892e-03
4.008453339338302612e-03
5.267044529318809509e-03
4.829645156860351562e-03
5.957778543233871460e-03
6.223604083061218262e-03
1.031960919499397278e-01
1.040646284818649292e-01
1.041915789246559143e-01
1.023790240287780762e-01
1.048001945018768311e-01
1.044270545244216919e-01
1.036464050412178040e-01
1.049785166978836060e-01
1.049883365631103516e-01
1.017854213714599609e-01
1.050384789705276489e-01
1.022282987833023071e-01
1.034398376941680908e-01
1.029399335384368896e-01
1.040321886539459229e-01
1.042459234595298767e-01
1.021802648901939392e-01
1.030641421675682068e-01
1.032045483589172363e-01
1.013506278395652771e-01
5.513299256563186646e-03
5.190724506974220276e-03
4.462672397494316101e-03
5.858110263943672180e-03
5.915822461247444153e-03
2.772659063339233398e-03
6.083071231842041016e-03
3.337480127811431885e-03
4.599517211318016052e-03
4.158966243267059326e-03
5.294032394886016846e-03
5.559463053941726685e-03
3.589136525988578796e-03
4.512367770075798035e-03
4.701204597949981689e-03
2.957638353109359741e-03
5.409980192780494690e-03
5.106380209326744080e-03
4.385313019156455994e-03
5.753418430685997009e-03
1.044816672801971436e-01
1.013337075710296631e-01
1.045294404029846191e-01
1.017614901065826416e-01
1.029475927352905273e-01
1.024527698755264282e-01
1.035245507955551147e-01
1.037344634532928467e-01
1.017116382718086243e-01
1.025768294930458069e-01
1.027131080627441406e-01
1.008950248360633850e-01
1.033104509115219116e-01
1.029460281133651733e-01
1.021644622087478638e-01
1.034952849149703979e-01
1.034817993640899658e-01
1.003078520298004150e-01
1.035399287939071655e-01
1.007520556449890137e-01
3.966558724641799927e-03
3.522194921970367432e-03
4.666900262236595154e-03
4.931701347231864929e-03
2.955183386802673340e-03
3.878945484757423401e-03
4.075087606906890869e-03
2.318715676665306091e-03
4.777958616614341736e-03
4.477236419916152954e-03
3.753019496798515320e-03
5.124945193529129028e-03
5.178429186344146729e-03
2.105977386236190796e-03
5.344243720173835754e-03
2.653783187270164490e-03
3.887288272380828857e-03
3.451937809586524963e-03
4.567034542560577393e-03
4.827288910746574402e-03
0.000000000000000000e+00
0.000000000000000000e+00
0.000000000000000000e+00
0.000000000000000000e+00
0.000000000000000000e+00
0.000000000000000000e+00
0.000000000000000000e+00
0.000000000000000000e+00
0.000000000000000000e+00
0.000000000000000000e+00
0.000000000000000000e+00
0.000000000000000000e+00
0.000000000000000000e+00
0.000000000000000000e+00
0.000000000000000000e+00
0.000000000000000000e+00
0.000000000000000000e+00
0.000000000000000000e+00
0.000000000000000000e+00
0.000000000000000000e+00
0.000000000000000000e+00
0.000000000000000000e+00
0.000000000000000000e+00
0.000000000000000000e+00
0.000000000000000000e+00
0.000000000000000000e+00
0.000000000000000000e+00
0.000000000000000000e+00
0.000000000000000000e+00
0.000000000000000000e+00
0.000000000000000000e+00
0.000000000000000000e+00
0.000000000000000000e+00
0.000000000000000000e+00
0.000000000000000000e+00
0.000000000000000000e+00
0.000000000000000000e+00
0.000000000000000000e+00
0.000000000000000000e+00
0.000000000000000000e+00
0.000000000000000000e+00
0.000000000000000000e+00
0.000000000000000000e+00
0.000000000000000000e+00
0.000000000000000000e+00
0.000000000000000000e+00
0.000000000000000000e+00
0.000000000000000000e+00
0.000000000000000000e+00
0.000000000000000000e+00
0.000000000000000000e+00
0.000000000000000000e+00
0.000000000000000000e+00
0.000000000000000000e+00
0.000000000000000000e+00
0.000000000000000000e+00
0.000000000000000000e+00
0.000000000000000000e+00
0.000000000000000000e+00
0.000000000000000000e+00
0.000000000000000000e+00
0.000000000000000000e+00
0.000000000000000000e+00
0.000000000000000000e+00
0.000000000000000000e+00
0.000000000000000000e+00
0.000000000000000000e+00
0.000000000000000000e+00
0.000000000000000000e+00
0.000000000000000000e+00
0.000000000000000000e+00
0.000000000000000000e+00
0.000000000000000000e+00
0.000000000000000000e+00
0.000000000000000000e+00
0.000000000000000000e+00
0.000000000000000000e+00
0.000000000000000000e+00
0.000000000000000000e+00
0.000000000000000000e+00
0.000000000000000000e+00
0.000000000000000000e+00
0.000000000000000000e+00
0.000000000000000000e+00
0.000000000000000000e+00
0.000000000000000000e+00
0.000000000000000000e+00
0.000000000000000000e+00
0.000000000000000000e+00
0.000000000000000000e+00
0.000000000000000000e+00
0.000000000000000000e+00
0.000000000000000000e+00
0.000000000000000000e+00
0.000000000000000000e+00
0.000000000000000000e+00
0.000000000000000000e+00
0.000000000000000000e+00
0.000000000000000000e+00
0.000000000000000000e+00
0.000000000000000000e+00
0.000000000000000000e+00
0.000000000000000000e+00
0.000000000000000000e+00
0.000000000000000000e+00
0.000000000000000000e+00
0.000000000000000000e+00
0.000000000000000000e+00
0.000000000000000000e+00
0.000000000000000000e+00
0.000000000000000000e+00
0.000000000000000000e+00
0.000000000000000000e+00
0.000000000000000000e+00
0.000000000000000000e+00
0.000000000000000000e+00
0.000000000000000000e+00
0.000000000000000000e+00
0.000000000000000000e+00
0.000000000000000000e+00
0.000000000000000000e+00
0.000000000000000000e+00
0.000000000000000000e+00
0.000000000000000000e+00
0.000000000000000000e+00
0.000000000000000000e+00
0.000000000000000000e+00
0.000000000000000000e+00
0.000000000000000000e+00
0.000000000000000000e+00
0.000000000000000000e+00
0.000000000000000000e+00
0.000000000000000000e+00
0.000000000000000000e+00
0.000000000000000000e+00
0.000000000000000000e+00
0.000000000000000000e+00
0.000000000000000000e+00
0.000000000000000000e+00
0.000000000000000000e+00
0.000000000000000000e+00
0.000000000000000000e+00
0.000000000000000000e+00
0.000000000000000000e+00
0.000000000000000000e+00
0.000000000000000000e+00
0.000000000000000000e+00
0.000000000000000000e+00
0.000000000000000000e+00
0.000000000000000000e+00
0.000000000000000000e+00
0.000000000000000000e+00
0.000000000000000000e+00
0.000000000000000000e+00
0.000000000000000000e+00
0.000000000000000000e+00
0.000000000000000000e+00
0.000000000000000000e+00
0.000000000000000000e+00
0.000000000000000000e+00
0.000000000000000000e+00
0.000000000000000000e+00
0.000000000000000000e+00
0.000000000000000000e+00
0.000000000000000000e+00
0.000000000000000000e+00
0.000000000000000000e+00
0.000000000000000000e+00
0.000000000000000000e+00
0.000000000000000000e+00
0.000000000000000000e+00
0.000000000000000000e+00
0.000000000000000000e+00
0.000000000000000000e+00
0.000000000000000000e+00
0.000000000000000000e+00
0.000000000000000000e+00
0.000000000000000000e+00
0.000000000000000000e+00
0.000000000000000000e+00
0.000000000000000000e+00
0.000000000000000000e+00
0.000000000000000000e+00
0.000000000000000000e+00
0.000000000000000000e+00
0.000000000000000000e+00
0.000000000000000000e+00
0.000000000000000000e+00
0.000000000000000000e+00
0.000000000000000000e+00
0.000000000000000000e+00
0.000000000000000000e+00
0.000000000000000000e+00
0.000000000000000000e+00
0.000000000000000000e+00
0.000000000000000000e+00
0.000000000000000000e+00
0.000000000000000000e+00
0.000000000000000000e+00
0.000000000000000000e+00
0.000000000000000000e+00
0.000000000000000000e+00
0.000000000000000000e+00
0.000000000000000000e+00
0.000000000000000000e+00
0.000000000000000000e+00
0.000000000000000000e+00
0.000000000000000000e+00
0.000000000000000000e+00
0.000000000000000000e+00
0.000000000000000000e+00
0.000000000000000000e+00
0.000000000000000000e+00
0.000000000000000000e+00
0.000000000000000000e+00
0.000000000000000000e+00
0.000000000000000000e+00
0.000000000000000000e+00
0.000000000000000000e+00
0.000000000000000000e+00
0.000000000000000000e+00
0.000000000000000000e+00
0.000000000000000000e+00
0.000000000000000000e+00
0.000000000000000000e+00
0.000000000000000000e+00
0.000000000000000000e+00
0.000000000000000000e+00
0.000000000000000000e+00
0.000000000000000000e+00
0.000000000000000000e+00
0.000000000000000000e+00
0.000000000000000000e+00
0.000000000000000000e+00
0.000000000000000000e+00
0.000000000000000000e+00
0.000000000000000000e+00
0.000000000000000000e+00
0.000000000000000000e+00
0.000000000000000000e+00
0.000000000000000000e+00
0.000000000000000000e+00
0.000000000000000000e+00
0.000000000000000000e+00
0.000000000000000000e+00
0.000000000000000000e+00
0.000000000000000000e+00
0.000000000000000000e+00
0.000000000000000000e+00
0.000000000000000000e+00
0.000000000000000000e+00
0.000000000000000000e+00
0.000000000000000000e+00
0.000000000000000000e+00
0.000000000000000000e+00
0.000000000000000000e+00
0.000000000000000000e+00
0.000000000000000000e+00
0.000000000000000000e+00
0.000000000000000000e+00
0.000000000000000000e+00
0.000000000000000000e+00
0.000000000000000000e+00
0.000000000000000000e+00
0.000000000000000000e+00
0.000000000000000000e+00
0.000000000000000000e+00
0.000000000000000000e+00
0.000000000000000000e+00
0.000000000000000000e+00
0.000000000000000000e+00
0.000000000000000000e+00
0.000000000000000000e+00
0.000000000000000000e+00
0.000000000000000000e+00
0.000000000000000000e+00
0.000000000000000000e+00
0.000000000000000000e+00
0.000000000000000000e+00
0.000000000000000000e+00
0.000000000000000000e+00
0.000000000000000000e+00
0.000000000000000000e+00
0.000000000000000000e+00
0.000000000000000000e+00
0.000000000000000000e+00
0.000000000000000000e+00
0.000000000000000000e+00
0.000000000000000000e+00
0.000000000000000000e+00
0.000000000000000000e+00
0.000000000000000000e+00
0.000000000000000000e+00
0.000000000000000000e+00
0.000000000000000000e+00
0.000000000000000000e+00
0.000000000000000000e+00
0.000000000000000000e+00
0.000000000000000000e+00
0.000000000000000000e+00
0.000000000000000000e+00
0.000000000000000000e+00
0.000000000000000000e+00
0.000000000000000000e+00
0.000000000000000000e+00
0.000000000000000000e+00
0.000000000000000000e+00
0.000000000000000000e+00
0.000000000000000000e+00
0.000000000000000000e+00
0.000000000000000000e+00
0.000000000000000000e+00
0.000000000000000000e+00
0.000000000000000000e+00
0.000000000000000000e+00
0.000000000000000000e+00
0.000000000000000000e+00
0.000000000000000000e+00
0.000000000000000000e+00
0.000000000000000000e+00
0.000000000000000000e+00
0.000000000000000000e+00
0.000000000000000000e+00
0.000000000000000000e+00
0.000000000000000000e+00
0.000000000000000000e+00
0.000000000000000000e+00
0.000000000000000000e+00
0.000000000000000000e+00
0.000000000000000000e+00
0.000000000000000000e+00
0.000000000000000000e+00
0.000000000000000000e+00
0.000000000000000000e+00
0.000000000000000000e+00
0.000000000000000000e+00
0.000000000000000000e+00
0.000000000000000000e+00
0.000000000000000000e+00
0.000000000000000000e+00
0.000000000000000000e+00
0.000000000000000000e+00
0.000000000000000000e+00
0.000000000000000000e+00
0.000000000000000000e+00
0.000000000000000000e+00
0.000000000000000000e+00
0.000000000000000000e+00
0.000000000000000000e+00
0.000000000000000000e+00
0.000000000000000000e+00
0.000000000000000000e+00
0.000000000000000000e+00
0.000000000000000000e+00
0.000000000000000000e+00
0.000000000000000000e+00
0.000000000000000000e+00
0.000000000000000000e+00
0.000000000000000000e+00
0.000000000000000000e+00
0.000000000000000000e+00
0.000000000000000000e+00
0.000000000000000000e+00
0.000000000000000000e+00
0.000000000000000000e+00
0.000000000000000000e+00
0.000000000000000000e+00
0.000000000000000000e+00
0.000000000000000000e+00
0.000000000000000000e+00
0.000000000000000000e+00
0.000000000000000000e+00
0.000000000000000000e+00
0.000000000000000000e+00
0.000000000000000000e+00
0.000000000000000000e+00
0.000000000000000000e+00
0.000000000000000000e+00
0.000000000000000000e+00
0.000000000000000000e+00
0.000000000000000000e+00
0.000000000000000000e+00
0.000000000000000000e+00
0.000000000000000000e+00
0.000000000000000000e+00
0.000000000000000000e+00
0.000000000000000000e+00
0.000000000000000000e+00
0.000000000000000000e+00
0.000000000000000000e+00
0.000000000000000000e+00
0.000000000000000000e+00
0.000000000000000000e+00
0.000000000000000000e+00
0.000000000000000000e+00
0.000000000000000000e+00
0.000000000000000000e+00
0.000000000000000000e+00
0.000000000000000000e+00
0.000000000000000000e+00
0.000000000000000000e+00
0.000000000000000000e+00
0.000000000000000000e+00
0.000000000000000000e+00
0.000000000000000000e+00
0.000000000000000000e+00
0.000000000000000000e+00
0.000000000000000000e+00
0.000000000000000000e+00
0.000000000000000000e+00
0.000000000000000000e+00
0.000000000000000000e+00
0.000000000000000000e+00
0.000000000000000000e+00
0.000000000000000000e+00
0.000000000000000000e+00
0.000000000000000000e+00
0.000000000000000000e+00
0.000000000000000000e+00
0.000000000000000000e+00
0.000000000000000000e+00
0.000000000000000000e+00
0.000000000000000000e+00
0.000000000000000000e+00
0.000000000000000000e+00
0.000000000000000000e+00
0.000000000000000000e+00
0.000000000000000000e+00
0.000000000000000000e+00
0.000000000000000000e+00
0.000000000000000000e+00
0.000000000000000000e+00
0.000000000000000000e+00
0.000000000000000000e+00
0.000000000000000000e+00
0.000000000000000000e+00
0.000000000000000000e+00
0.000000000000000000e+00
0.000000000000000000e+00
0.000000000000000000e+00
0.000000000000000000e+00
0.000000000000000000e+00
0.000000000000000000e+00
0.000000000000000000e+00
0.000000000000000000e+00
0.000000000000000000e+00
0.000000000000000000e+00
0.000000000000000000e+00
0.000000000000000000e+00
0.000000000000000000e+00
0.000000000000000000e+00
0.000000000000000000e+00
0.000000000000000000e+00
0.000000000000000000e+00
0.000000000000000000e+00
0.000000000000000000e+00
0.000000000000000000e+00
0.000000000000000000e+00
0.000000000000000000e+00
0.000000000000000000e+00
0.000000000000000000e+00
0.000000000000000000e+00
0.000000000000000000e+00
0.000000000000000000e+00
0.000000000000000000e+00
0.000000000000000000e+00
0.000000000000000000e+00
0.000000000000000000e+00
0.000000000000000000e+00
0.000000000000000000e+00
0.000000000000000000e+00
0.000000000000000000e+00
0.000000000000000000e+00
0.000000000000000000e+00
0.000000000000000000e+00
0.000000000000000000e+00
0.000000000000000000e+00
0.000000000000000000e+00
0.000000000000000000e+00
0.000000000000000000e+00
0.000000000000000000e+00
0.000000000000000000e+00
0.000000000000000000e+00
0.000000000000000000e+00
0.000000000000000000e+00
0.000000000000000000e+00
0.000000000000000000e+00
0.000000000000000000e+00
0.000000000000000000e+00
0.000000000000000000e+00
0.000000000000000000e+00
0.000000000000000000e+00
0.000000000000000000e+00
0.000000000000000000e+00
0.000000000000000000e+00
0.000000000000000000e+00
0.000000000000000000e+00
0.000000000000000000e+00
0.000000000000000000e+00
0.000000000000000000e+00
0.000000000000000000e+00
0.000000000000000000e+00
0.000000000000000000e+00
0.000000000000000000e+00
0.000000000000000000e+00
0.000000000000000000e+00
0.000000000000000000e+00
0.000000000000000000e+00
0.000000000000000000e+00
0.000000000000000000e+00
0.000000000000000000e+00
0.000000000000000000e+00
0.000000000000000000e+00
0.000000000000000000e+00
0.000000000000000000e+00
0.000000000000000000e+00
0.000000000000000000e+00
0.000000000000000000e+00
0.000000000000000000e+00
0.000000000000000000e+00
0.000000000000000000e+00
0.000000000000000000e+00
0.000000000000000000e+00
0.000000000000000000e+00
0.000000000000000000e+00
0.000000000000000000e+00
0.000000000000000000e+00
0.000000000000000000e+00
0.000000000000000000e+00
0.000000000000000000e+00
0.000000000000000000e+00
0.000000000000000000e+00
0.000000000000000000e+00
0.000000000000000000e+00
0.000000000000000000e+00
0.000000000000000000e+00
0.000000000000000000e+00
0.000000000000000000e+00
0.000000000000000000e+00
0.000000000000000000e+00
0.000000000000000000e+00
0.000000000000000000e+00
0.000000000000000000e+00
0.000000000000000000e+00
0.000000000000000000e+00
0.000000000000000000e+00
0.000000000000000000e+00
0.000000000000000000e+00
0.000000000000000000e+00
0.000000000000000000e+00
0.000000000000000000e+00
0.000000000000000000e+00
0.000000000000000000e+00
0.000000000000000000e+00
0.000000000000000000e+00
0.000000000000000000e+00
0.000000000000000000e+00
0.000000000000000000e+00
0.000000000000000000e+00
0.000000000000000000e+00
0.000000000000000000e+00
0.000000000000000000e+00
0.000000000000000000e+00
0.000000000000000000e+00
0.000000000000000000e+00
0.000000000000000000e+00
0.000000000000000000e+00
0.000000000000000000e+00
0.000000000000000000e+00
0.000000000000000000e+00
0.000000000000000000e+00
0.000000000000000000e+00
0.000000000000000000e+00
0.000000000000000000e+00
0.000000000000000000e+00
0.000000000000000000e+00
0.000000000000000000e+00
0.000000000000000000e+00
0.000000000000000000e+00
0.000000000000000000e+00
0.000000000000000000e+00
0.000000000000000000e+00
0.000000000000000000e+00
0.000000000000000000e+00
0.000000000000000000e+00
0.000000000000000000e+00
0.000000000000000000e+00
0.000000000000000000e+00
0.000000000000000000e+00
0.000000000000000000e+00
0.000000000000000000e+00
0.000000000000000000e+00
0.000000000000000000e+00
0.000000000000000000e+00
0.000000000000000000e+00
0.000000000000000000e+00
0.000000000000000000e+00
0.000000000000000000e+00
0.000000000000000000e+00
0.000000000000000000e+00
0.000000000000000000e+00
0.000000000000000000e+00
0.000000000000000000e+00
0.000000000000000000e+00
0.000000000000000000e+00
0.000000000000000000e+00
0.000000000000000000e+00
0.000000000000000000e+00
0.000000000000000000e+00
0.000000000000000000e+00
0.000000000000000000e+00
0.000000000000000000e+00
0.000000000000000000e+00
0.000000000000000000e+00
0.000000000000000000e+00
0.000000000000000000e+00
0.000000000000000000e+00
0.000000000000000000e+00
0.000000000000000000e+00
0.000000000000000000e+00
0.000000000000000000e+00
0.000000000000000000e+00
0.000000000000000000e+00
0.000000000000000000e+00
0.000000000000000000e+00
0.000000000000000000e+00
0.000000000000000000e+00
0.000000000000000000e+00
0.000000000000000000e+00
0.000000000000000000e+00
0.000000000000000000e+00
0.000000000000000000e+00
0.000000000000000000e+00
0.000000000000000000e+00
0.000000000000000000e+00
0.000000000000000000e+00
0.000000000000000000e+00
0.000000000000000000e+00
0.000000000000000000e+00
0.000000000000000000e+00
0.000000000000000000e+00
0.000000000000000000e+00
0.000000000000000000e+00
0.000000000000000000e+00
0.000000000000000000e+00
0.000000000000000000e+00
0.000000000000000000e+00
0.000000000000000000e+00
0.000000000000000000e+00
0.000000000000000000e+00
0.000000000000000000e+00
0.000000000000000000e+00
0.000000000000000000e+00
0.000000000000000000e+00
0.000000000000000000e+00
0.000000000000000000e+00
0.000000000000000000e+00
0.000000000000000000e+00
0.000000000000000000e+00
0.000000000000000000e+00
0.000000000000000000e+00
0.000000000000000000e+00
0.000000000000000000e+00
0.000000000000000000e+00
0.000000000000000000e+00
0.000000000000000000e+00
0.000000000000000000e+00
0.000000000000000000e+00
0.000000000000000000e+00
0.000000000000000000e+00
0.000000000000000000e+00
0.000000000000000000e+00
0.000000000000000000e+00
0.000000000000000000e+00
0.000000000000000000e+00
0.000000000000000000e+00
0.000000000000000000e+00
0.000000000000000000e+00
0.000000000000000000e+00
0.000000000000000000e+00
0.000000000000000000e+00
0.000000000000000000e+00
0.000000000000000000e+00
0.000000000000000000e+00
0.000000000000000000e+00
0.000000000000000000e+00
0.000000000000000000e+00
0.000000000000000000e+00
0.000000000000000000e+00
0.000000000000000000e+00
0.000000000000000000e+00
0.000000000000000000e+00
0.000000000000000000e+00
0.000000000000000000e+00
0.000000000000000000e+00
0.000000000000000000e+00
0.000000000000000000e+00
0.000000000000000000e+00
0.000000000000000000e+00
0.000000000000000000e+00
0.000000000000000000e+00
0.000000000000000000e+00
0.000000000000000000e+00
0.000000000000000000e+00
0.000000000000000000e+00
0.000000000000000000e+00
0.000000000000000000e+00
0.000000000000000000e+00
0.000000000000000000e+00
0.000000000000000000e+00
0.000000000000000000e+00
0.000000000000000000e+00
0.000000000000000000e+00
0.000000000000000000e+00
0.000000000000000000e+00
0.000000000000000000e+00
0.000000000000000000e+00
0.000000000000000000e+00
0.000000000000000000e+00
0.000000000000000000e+00
0.000000000000000000e+00
0.000000000000000000e+00
0.000000000000000000e+00
0.000000000000000000e+00
0.000000000000000000e+00
0.000000000000000000e+00
0.000000000000000000e+00
0.000000000000000000e+00
0.000000000000000000e+00
0.000000000000000000e+00
0.000000000000000000e+00
0.000000000000000000e+00
0.000000000000000000e+00
0.000000000000000000e+00
0.000000000000000000e+00
0.000000000000000000e+00
0.000000000000000000e+00
0.000000000000000000e+00
0.000000000000000000e+00
0.000000000000000000e+00
0.000000000000000000e+00
0.000000000000000000e+00
0.000000000000000000e+00
0.000000000000000000e+00
0.000000000000000000e+00
0.000000000000000000e+00
0.000000000000000000e+00
0.000000000000000000e+00
0.000000000000000000e+00
0.000000000000000000e+00
0.000000000000000000e+00
0.000000000000000000e+00
0.000000000000000000e+00
0.000000000000000000e+00
0.000000000000000000e+00
0.000000000000000000e+00
0.000000000000000000e+00
0.000000000000000000e+00
0.000000000000000000e+00
0.000000000000000000e+00
0.000000000000000000e+00
0.000000000000000000e+00
0.000000000000000000e+00
0.000000000000000000e+00
0.000000000000000000e+00
0.000000000000000000e+00
0.000000000000000000e+00
0.000000000000000000e+00
0.000000000000000000e+00
0.000000000000000000e+00
0.000000000000000000e+00
0.000000000000000000e+00
0.000000000000000000e+00
0.000000000000000000e+00
0.000000000000000000e+00
0.000000000000000000e+00
0.000000000000000000e+00
0.000000000000000000e+00
0.000000000000000000e+00
0.000000000000000000e+00
0.000000000000000000e+00
0.000000000000000000e+00
0.000000000000000000e+00
0.000000000000000000e+00
0.000000000000000000e+00
0.000000000000000000e+00
0.000000000000000000e+00
0.000000000000000000e+00
0.000000000000000000e+00
0.000000000000000000e+00
0.000000000000000000e+00
0.000000000000000000e+00
0.000000000000000000e+00
0.000000000000000000e+00
0.000000000000000000e+00
0.000000000000000000e+00
0.000000000000000000e+00
0.000000000000000000e+00
0.000000000000000000e+00
0.000000000000000000e+00
0.000000000000000000e+00
0.000000000000000000e+00
0.000000000000000000e+00
0.000000000000000000e+00
0.000000000000000000e+00
0.000000000000000000e+00
0.000000000000000000e+00
0.000000000000000000e+00
0.000000000000000000e+00
0.000000000000000000e+00
0.000000000000000000e+00
0.000000000000000000e+00
0.000000000000000000e+00
0.000000000000000000e+00
0.000000000000000000e+00
0.000000000000000000e+00
0.000000000000000000e+00
0.000000000000000000e+00
0.000000000000000000e+00
0.000000000000000000e+00
0.000000000000000000e+00
0.000000000000000000e+00
0.000000000000000000e+00
0.000000000000000000e+00
0.000000000000000000e+00
0.000000000000000000e+00
0.000000000000000000e+00
0.000000000000000000e+00
0.000000000000000000e+00
0.000000000000000000e+00
0.000000000000000000e+00
0.000000000000000000e+00
0.000000000000000000e+00
0.000000000000000000e+00
0.000000000000000000e+00
0.000000000000000000e+00
0.000000000000000000e+00
0.000000000000000000e+00
0.000000000000000000e+00
0.000000000000000000e+00
0.000000000000000000e+00
0.000000000000000000e+00
0.000000000000000000e+00
0.000000000000000000e+00
0.000000000000000000e+00
0.000000000000000000e+00
0.000000000000000000e+00
0.000000000000000000e+00
0.000000000000000000e+00
0.000000000000000000e+00
0.000000000000000000e+00
0.000000000000000000e+00
0.000000000000000000e+00
0.000000000000000000e+00
0.000000000000000000e+00
0.000000000000000000e+00
0.000000000000000000e+00
0.000000000000000000e+00
0.000000000000000000e+00
0.000000000000000000e+00
0.000000000000000000e+00
0.000000000000000000e+00
0.000000000000000000e+00
0.000000000000000000e+00
0.000000000000000000e+00
0.000000000000000000e+00
0.000000000000000000e+00
0.000000000000000000e+00
0.000000000000000000e+00
0.000000000000000000e+00
0.000000000000000000e+00
0.000000000000000000e+00
0.000000000000000000e+00
0.000000000000000000e+00
0.000000000000000000e+00
0.000000000000000000e+00
0.000000000000000000e+00
0.000000000000000000e+00
0.000000000000000000e+00
0.000000000000000000e+00
0.000000000000000000e+00
0.000000000000000000e+00
0.000000000000000000e+00
0.000000000000000000e+00
0.000000000000000000e+00
0.000000000000000000e+00
0.000000000000000000e+00
0.000000000000000000e+00
0.000000000000000000e+00
0.000000000000000000e+00
0.000000000000000000e+00
0.000000000000000000e+00
0.000000000000000000e+00
0.000000000000000000e+00
0.000000000000000000e+00
0.000000000000000000e+00
0.000000000000000000e+00
0.000000000000000000e+00
0.000000000000000000e+00
0.000000000000000000e+00
0.000000000000000000e+00
0.000000000000000000e+00
0.000000000000000000e+00
0.000000000000000000e+00
0.000000000000000000e+00
0.000000000000000000e+00
0.000000000000000000e+00
0.000000000000000000e+00
0.000000000000000000e+00
0.000000000000000000e+00
0.000000000000000000e+00
0.000000000000000000e+00
0.000000000000000000e+00
0.000000000000000000e+00
0.000000000000000000e+00
0.000000000000000000e+00
0.000000000000000000e+00
0.000000000000000000e+00
0.000000000000000000e+00
0.000000000000000000e+00
0.000000000000000000e+00
0.000000000000000000e+00
0.000000000000000000e+00
0.000000000000000000e+00
0.000000000000000000e+00
0.000000000000000000e+00
0.000000000000000000e+00
0.000000000000000000e+00
0.000000000000000000e+00
0.000000000000000000e+00
0.000000000000000000e+00
0.000000000000000000e+00
0.000000000000000000e+00
0.000000000000000000e+00
0.000000000000000000e+00
0.000000000000000000e+00
0.000000000000000000e+00
0.000000000000000000e+00
0.000000000000000000e+00
0.000000000000000000e+00
0.000000000000000000e+00
0.000000000000000000e+00
0.000000000000000000e+00
0.000000000000000000e+00
0.000000000000000000e+00
0.000000000000000000e+00
0.000000000000000000e+00
0.000000000000000000e+00
0.000000000000000000e+00
0.000000000000000000e+00
0.000000000000000000e+00
0.000000000000000000e+00
0.000000000000000000e+00
0.000000000000000000e+00
0.000000000000000000e+00
0.000000000000000000e+00
0.000000000000000000e+00
0.000000000000000000e+00
0.000000000000000000e+00
0.000000000000000000e+00
0.000000000000000000e+00
0.000000000000000000e+00
0.000000000000000000e+00
0.000000000000000000e+00
0.000000000000000000e+00
0.000000000000000000e+00
0.000000000000000000e+00
0.000000000000000000e+00
0.000000000000000000e+00
0.000000000000000000e+00
0.000000000000000000e+00
0.000000000000000000e+00
0.000000000000000000e+00
0.000000000000000000e+00
0.000000000000000000e+00
0.000000000000000000e+00
0.000000000000000000e+00
0.000000000000000000e+00
0.000000000000000000e+00
0.000000000000000000e+00
0.000000000000000000e+00
0.000000000000000000e+00
0.000000000000000000e+00
0.000000000000000000e+00
0.000000000000000000e+00
0.000000000000000000e+00
0.000000000000000000e+00
0.000000000000000000e+00
0.000000000000000000e+00
0.000000000000000000e+00
0.000000000000000000e+00
0.000000000000000000e+00
0.000000000000000000e+00
0.000000000000000000e+00
0.000000000000000000e+00
0.000000000000000000e+00
0.000000000000000000e+00
0.000000000000000000e+00
0.000000000000000000e+00
