9.599999999999999645e-01
1.149096250534057617e+00
1.119680166244506836e+00
1.114927291870117188e+00
1.158573269844055176e+00
1.139364838600158691e+00
1.106899976730346680e+00
1.143435478210449219e+00
1.108016848564147949e+00
1.108367085456848145e+00
1.095134258270263672e+00
1.120965480804443359e+00
1.089907169342041016e+00
1.161642193794250488e+00
1.230945110321044922e+00
1.080704569816589355e+00
1.154729962348937988e+00
1.081415772438049316e+00
1.078928232192993164e+00
1.059750080108642578e+00
1.146236062049865723e+00
1.072045087814331055e+00
1.139979600906372070e+00
1.068225860595703125e+00
1.068584918975830078e+00
1.046970844268798828e+00
1.066850423812866211e+00
1.030625939369201660e+00
1.158889889717102051e+00
1.224459171295166016e+00
1.008499383926391602e+00
1.112450718879699707e+00
1.018521428108215332e+00
1.015794515609741211e+00
9.857338666915893555e-01
1.099111676216125488e+00
1.003257036209106445e+00
1.078234314918518066e+00
9.973403811454772949e-01
1.000090599060058594e+00
9.454354643821716309e-01
9.696297049522399902e-01
9.151877164840698242e-01
1.094344973564147949e+00
1.149595856666564941e+00
8.731822967529296875e-01
1.004443407058715820e+00
8.885878324508666992e-01
8.928607702255249023e-01
8.412102460861206055e-01
9.962373375892639160e-01
8.705199956893920898e-01
9.623894691467285156e-01
8.712927103042602539e-01
8.675589561462402344e-01
7.627508640289306641e-01
7.697488665580749512e-01
7.420699596405029297e-01
9.675593376159667969e-01
1.018321752548217773e+00
6.704229712486267090e-01
8.699983358383178711e-01
7.199942469596862793e-01
7.191756367683410645e-01
5.841822624206542969e-01
8.440412282943725586e-01
7.278833389282226562e-01
8.009544014930725098e-01
7.213252782821655273e-01
7.074694633483886719e-01
5.791144371032714844e-01
5.631340146064758301e-01
5.733819603919982910e-01
7.570936083793640137e-01
8.541178703308105469e-01
4.994795918464660645e-01
6.932433247566223145e-01
5.510877966880798340e-01
5.500771999359130859e-01
4.008551836013793945e-01
6.660220026969909668e-01
6.292726993560791016e-01
6.700849533081054688e-01
6.101133823394775391e-01
5.832618474960327148e-01
4.698744416236877441e-01
4.278372228145599365e-01
4.654442667961120605e-01
6.170223355293273926e-01
7.426646351814270020e-01
3.979871869087219238e-01
5.984439849853515625e-01
4.582695960998535156e-01
4.565685093402862549e-01
3.116702735424041748e-01
5.368825793266296387e-01
5.074782967567443848e-01
4.840188622474670410e-01
4.700205326080322266e-01
4.509637951850891113e-01
3.484383225440979004e-01
2.711530625820159912e-01
2.884437441825866699e-01
3.935626149177551270e-01
5.111591219902038574e-01
2.442290186882019043e-01
3.917364180088043213e-01
2.943580746650695801e-01
2.995199263095855713e-01
1.922632902860641479e-01
3.407353162765502930e-01
3.412675559520721436e-01
2.980685830116271973e-01
3.047967255115509033e-01
2.967749238014221191e-01
2.119178473949432373e-01
1.916539967060089111e-01
2.026425153017044067e-01
2.847083806991577148e-01
3.816091716289520264e-01
1.717870533466339111e-01
3.244183063507080078e-01
2.510207891464233398e-01
2.581886351108551025e-01
1.796717941761016846e-01
2.775803804397583008e-01
2.977753579616546631e-01
2.506060600280761719e-01
2.710880339145660400e-01
2.632656693458557129e-01
1.966021507978439331e-01
1.888828277587890625e-01
1.892998814582824707e-01
2.483136057853698730e-01
3.080551326274871826e-01
1.692456007003784180e-01
2.487493306398391724e-01
2.000287920236587524e-01
2.065812945365905762e-01
1.531828641891479492e-01
2.148953378200531006e-01
2.209728658199310303e-01
1.821827143430709839e-01
2.031058073043823242e-01
1.977821290493011475e-01
1.458394974470138550e-01
1.408107429742813110e-01
1.413933783769607544e-01
1.873860806226730347e-01
2.285477668046951294e-01
1.260457634925842285e-01
1.857558190822601318e-01
1.494346261024475098e-01
1.563960611820220947e-01
1.166554316878318787e-01
1.597448140382766724e-01
1.842899471521377563e-01
1.523338109254837036e-01
1.733304858207702637e-01
1.667938679456710815e-01
1.260129064321517944e-01
1.431352794170379639e-01
1.415249705314636230e-01
1.766223758459091187e-01
2.018618732690811157e-01
1.299862265586853027e-01
1.744457781314849854e-01
1.477600187063217163e-01
1.544310003519058228e-01
1.247939169406890869e-01
1.550378650426864624e-01
1.771000325679779053e-01
1.511761695146560669e-01
1.698176860809326172e-01
1.648499220609664917e-01
1.315204799175262451e-01
1.304776817560195923e-01
1.296185851097106934e-01
1.582305282354354858e-01
1.757578551769256592e-01
1.200516819953918457e-01
1.450685560703277588e-01
1.238688379526138306e-01
1.305773258209228516e-01
1.063821986317634583e-01
1.298501491546630859e-01
1.499024778604507446e-01
1.281832903623580933e-01
1.453684866428375244e-01
1.403271853923797607e-01
1.126414537429809570e-01
1.126365140080451965e-01
1.112944185733795166e-01
1.345399916172027588e-01
1.463035047054290771e-01
1.034574508666992188e-01
1.317694634199142456e-01
1.148572936654090881e-01
1.211382746696472168e-01
1.015521362423896790e-01
1.196897327899932861e-01
1.670009195804595947e-01
1.485638320446014404e-01
1.638945490121841431e-01
1.598529219627380371e-01
1.361056566238403320e-01
1.361560374498367310e-01
1.352003812789916992e-01
1.550391614437103271e-01
1.637423485517501831e-01
1.284380108118057251e-01
1.521451771259307861e-01
1.378673017024993896e-01
1.439325362443923950e-01
1.269392818212509155e-01
1.421202272176742554e-01
1.580441445112228394e-01
1.420165896415710449e-01
1.560968607664108276e-01
1.522246897220611572e-01
1.315653622150421143e-01
1.025275886058807373e-01
1.014477387070655823e-01
1.183183416724205017e-01
1.244819462299346924e-01
9.562244266271591187e-02
1.157061979174613953e-01
1.036270260810852051e-01
1.093214303255081177e-01
9.484873712062835693e-02
1.073088347911834717e-01
1.215448826551437378e-01
1.074508875608444214e-01
1.202121749520301819e-01
1.170218437910079956e-01
9.869499504566192627e-02
9.903377294540405273e-02
9.819823503494262695e-02
1.130440160632133484e-01
1.178997755050659180e-01
9.302452951669692993e-02
1.434637904167175293e-01
1.328506320714950562e-01
1.382502615451812744e-01
1.253620088100433350e-01
1.361403465270996094e-01
1.491185724735260010e-01
1.365208476781845093e-01
1.483163684606552124e-01
1.453365385532379150e-01
1.289160996675491333e-01
1.294071972370147705e-01
1.285006701946258545e-01
1.415440738201141357e-01
1.450763046741485596e-01
1.238874197006225586e-01
1.392277926206588745e-01
1.299093216657638550e-01
1.349835693836212158e-01
1.235806792974472046e-01
1.328648030757904053e-01
1.176472306251525879e-01
1.063247919082641602e-01
1.171611398458480835e-01
1.145959123969078064e-01
9.971176087856292725e-02
1.001554504036903381e-01
9.940798580646514893e-02
1.111656203866004944e-01
1.139655634760856628e-01
9.523675590753555298e-02
1.089836359024047852e-01
1.005813628435134888e-01
1.053960323333740234e-01
9.503500163555145264e-02
1.032968536019325256e-01
1.141809746623039246e-01
1.038281172513961792e-01
1.139531359076499939e-01
1.115688085556030273e-01
9.795165807008743286e-02
1.255907863378524780e-01
1.248114183545112610e-01
1.353669464588165283e-01
1.375091373920440674e-01
1.210104078054428101e-01
1.333570480346679688e-01
1.257785856723785400e-01
1.303181201219558716e-01
1.209638491272926331e-01
1.282431781291961670e-01
1.382417082786560059e-01
1.287523955106735229e-01
1.381673812866210938e-01
1.360619366168975830e-01
1.234992891550064087e-01
1.239690557122230530e-01
1.232881471514701843e-01
1.329481303691864014e-01
1.347116678953170776e-01
1.197812631726264954e-01
1.053617149591445923e-01
9.841144829988479614e-02
1.027407199144363403e-01
9.408073127269744873e-02
1.007250100374221802e-01
1.100596636533737183e-01
1.012880504131317139e-01
1.101477071642875671e-01
1.081838309764862061e-01
9.653101861476898193e-02
9.703744947910308838e-02
9.635938704013824463e-02
1.051992923021316528e-01
1.065644025802612305e-01
9.314945340156555176e-02
1.034574508666992188e-01
9.708018600940704346e-02
1.011769920587539673e-01
9.324145317077636719e-02
9.922223538160324097e-02
1.369089484214782715e-01
1.287555247545242310e-01
1.370734125375747681e-01
1.353033483028411865e-01
1.244176924228668213e-01
1.248748004436492920e-01
1.242666468024253845e-01
1.324604451656341553e-01
1.336191296577453613e-01
1.212508678436279297e-01
1.307869702577590942e-01
1.248405724763870239e-01
1.287537515163421631e-01
1.213102489709854126e-01
1.268345415592193604e-01
1.350061297416687012e-01
1.273745894432067871e-01
1.352534294128417969e-01
1.335909366607666016e-01
1.233719363808631897e-01
9.480758011341094971e-02
9.420586377382278442e-02
1.018051728606224060e-01
1.027125269174575806e-01
9.141181409358978271e-02
1.002594828605651855e-01
9.473975747823715210e-02
9.847630560398101807e-02
9.156608581542968750e-02
9.663003683090209961e-02
1.043019145727157593e-01
9.715407341718673706e-02
1.046183258295059204e-01
1.031144261360168457e-01
9.348553419113159180e-02
9.392786026000976562e-02
9.338173270225524902e-02
1.004975438117980957e-01
1.012514010071754456e-01
9.075434505939483643e-02
1.297505497932434082e-01
1.245478540658950806e-01
1.281248033046722412e-01
1.215977966785430908e-01
1.263112127780914307e-01
1.335799396038055420e-01
1.268280446529388428e-01
1.339401304721832275e-01
1.325021088123321533e-01
1.233881413936614990e-01
1.238280460238456726e-01
1.232765465974807739e-01
1.299262046813964844e-01
1.305245310068130493e-01
1.207810640335083008e-01
1.285220831632614136e-01
1.236379444599151611e-01
1.270724087953567505e-01
1.209363937377929688e-01
1.253127902746200562e-01
1.046855151653289795e-01
9.832433611154556274e-02
1.050940006971359253e-01
1.037841737270355225e-01
9.513203799724578857e-02
9.555534273386001587e-02
9.504941105842590332e-02
1.013398021459579468e-01
1.018324792385101318e-01
9.269595891237258911e-02
1.000135987997055054e-01
9.538675844669342041e-02
9.870059788227081299e-02
9.286898374557495117e-02
9.700301289558410645e-02
1.035650596022605896e-01
9.750615805387496948e-02
1.039988100528717041e-01
1.027512401342391968e-01
9.450177103281021118e-02
1.223721653223037720e-01
1.218647733330726624e-01
1.277858018875122070e-01
1.281823515892028809e-01
1.196153759956359863e-01
1.265239268541336060e-01
1.221306249499320984e-01
1.253115385770797729e-01
1.197901517152786255e-01
1.236457675695419312e-01
1.298813521862030029e-01
1.241145730018615723e-01
1.303250640630722046e-01
1.291618049144744873e-01
1.212679594755172729e-01
1.216605305671691895e-01
1.211824417114257812e-01
1.268142610788345337e-01
1.271626651287078857e-01
1.190335229039192200e-01
9.927462041378021240e-02
9.508523344993591309e-02
9.817241877317428589e-02
9.289160370826721191e-02
9.655991196632385254e-02
1.025441363453865051e-01
9.704497456550598145e-02
1.030202955007553101e-01
1.019137129187583923e-01
9.435956180095672607e-02
9.475519508123397827e-02
9.429106861352920532e-02
9.964424371719360352e-02
9.991700947284698486e-02
9.225921332836151123e-02
9.850885719060897827e-02
9.451797604560852051e-02
9.749588370323181152e-02
9.246790409088134766e-02
9.593091160058975220e-02
1.308835744857788086e-01
1.256199032068252563e-01
1.313569247722625732e-01
1.303223371505737305e-01
1.230485364794731140e-01
1.234182938933372498e-01
1.229703649878501892e-01
1.280858516693115234e-01
1.283067464828491211e-01
1.209991574287414551e-01
1.269721388816833496e-01
1.231263652443885803e-01
1.260127276182174683e-01
1.211646348237991333e-01
1.244647279381752014e-01
1.299738883972167969e-01
1.249110251665115356e-01
1.304598599672317505e-01
1.294603496789932251e-01
1.224583834409713745e-01
9.345972537994384766e-02
9.302137792110443115e-02
9.791052341461181641e-02
9.810014069080352783e-02
9.115139394998550415e-02
9.687259793281555176e-02
9.319513291120529175e-02
9.599792957305908203e-02
9.136281907558441162e-02
9.450636804103851318e-02
9.979869425296783447e-02
9.495283663272857666e-02
1.003061830997467041e-01
9.937795996665954590e-02
9.262870997190475464e-02
9.298869967460632324e-02
9.257212281227111816e-02
9.726743400096893311e-02
9.742184728384017944e-02
9.076698124408721924e-02
1.265911459922790527e-01
1.230374276638031006e-01
1.257554292678833008e-01
1.212730631232261658e-01
1.242796182632446289e-01
1.293908357620239258e-01
1.247047185897827148e-01
1.298912465572357178e-01
1.289875507354736328e-01
1.224546134471893311e-01
1.228031516075134277e-01
1.223798617720603943e-01
1.268743276596069336e-01
1.269850134849548340e-01
1.206192597746849060e-01
1.258961409330368042e-01
1.224680095911026001e-01
1.251149475574493408e-01
1.208008229732513428e-01
1.236694231629371643e-01
1.001280471682548523e-01
9.562595188617706299e-02
1.006495282053947449e-01
9.981079399585723877e-02
9.348629415035247803e-02
9.382826834917068481e-02
9.342984110116958618e-02
9.777483344078063965e-02
9.786945581436157227e-02
9.174637496471405029e-02
9.684582054615020752e-02
9.353606402873992920e-02
9.612242877483367920e-02
9.194678068161010742e-02
9.472458064556121826e-02
9.950529038906097412e-02
9.514857083559036255e-02
1.000281497836112976e-01
9.921501576900482178e-02
9.308393299579620361e-02
1.217722892761230469e-01
1.213680729269981384e-01
1.255390644073486328e-01
1.255989372730255127e-01
1.197173446416854858e-01
1.246262118220329285e-01
1.214197278022766113e-01
1.239353641867637634e-01
1.198985725641250610e-01
1.225479319691658020e-01
1.271719932556152344e-01
1.229448616504669189e-01
1.276819407939910889e-01
1.269048303365707397e-01
1.209355965256690979e-01
1.212552934885025024e-01
1.208648532629013062e-01
1.249062493443489075e-01
1.249530911445617676e-01
1.192618757486343384e-01
9.627294540405273438e-02
9.316293150186538696e-02
9.563145041465759277e-02
9.170930832624435425e-02
9.428490698337554932e-02
9.878345578908920288e-02
9.469761699438095093e-02
9.931153059005737305e-02
9.856598079204559326e-02
9.276888519525527954e-02
9.309391677379608154e-02
9.271388500928878784e-02
9.662038087844848633e-02
9.665694832801818848e-02
9.117990732192993164e-02
9.579066932201385498e-02
9.277574717998504639e-02
9.518366307020187378e-02
9.138613194227218628e-02
9.386660903692245483e-02
1.276033818721771240e-01
1.236303746700286865e-01
1.281143873929977417e-01
1.273980289697647095e-01
1.217404901981353760e-01
1.220457777380943298e-01
1.216708347201347351e-01
1.254578828811645508e-01
1.254705488681793213e-01
1.201528385281562805e-01
1.246249899268150330e-01
1.216783672571182251e-01
1.240325570106506348e-01
1.203189790248870850e-01
1.227191984653472900e-01
1.269669234752655029e-01
1.231036111712455750e-01
1.274805068969726562e-01
1.267853826284408569e-01
1.212668865919113159e-01
9.201873838901519775e-02
9.165123105049133301e-02
9.532709419727325439e-02
9.534220397472381592e-02
9.019966423511505127e-02
9.454974532127380371e-02
9.169054031372070312e-02
9.400317072868347168e-02
9.040339291095733643e-02
9.272983670234680176e-02
9.686975926160812378e-02
9.312050789594650269e-02
9.739726781845092773e-02
9.674178063869476318e-02
9.135971218347549438e-02
9.166094660758972168e-02
9.130647778511047363e-02
9.488327056169509888e-02
9.488254040479660034e-02
8.988639712333679199e-02
1.246402710676193237e-01
1.218414232134819031e-01
1.240992024540901184e-01
1.205725073814392090e-01
1.228318661451339722e-01
1.268618702888488770e-01
1.232045143842697144e-01
1.273759007453918457e-01
1.267311125993728638e-01
1.214631274342536926e-01
1.217528879642486572e-01
1.213902384042739868e-01
1.248561590909957886e-01
1.248456090688705444e-01
1.199824661016464233e-01
1.240989267826080322e-01
1.213665828108787537e-01
1.235869079828262329e-01
1.201481074094772339e-01
1.223360151052474976e-01
9.764904528856277466e-02
9.409095346927642822e-02
9.817621856927871704e-02
9.756767004728317261e-02
9.241745620965957642e-02
9.270641207695007324e-02
9.236092120409011841e-02
9.575100243091583252e-02
9.573615342378616333e-02
9.100665897130966187e-02
9.503635764122009277e-02
9.236931800842285156e-02
9.455619752407073975e-02
9.119743108749389648e-02
9.334231913089752197e-02
9.720064699649810791e-02
9.372119605541229248e-02
9.772503376007080078e-02
9.713184088468551636e-02
9.208738058805465698e-02
1.208405196666717529e-01
1.204883307218551636e-01
1.237771958112716675e-01
1.237493008375167847e-01
1.191407591104507446e-01
1.230627819895744324e-01
1.204489246010780334e-01
1.225904151797294617e-01
1.193039417266845703e-01
1.213785260915756226e-01
1.251391023397445679e-01
1.217361539602279663e-01
1.256477385759353638e-01
1.250716894865036011e-01
1.201164573431015015e-01
1.203861683607101440e-01
1.200425401329994202e-01
1.232614964246749878e-01
1.232326105237007141e-01
1.187219992280006409e-01
9.410455822944641113e-02
9.154571592807769775e-02
9.366318583488464355e-02
9.044262766838073730e-02
9.248392283916473389e-02
9.617489576339721680e-02
9.285774827003479004e-02
9.669890999794006348e-02
9.614501893520355225e-02
9.129274636507034302e-02
9.156890213489532471e-02
9.123437106609344482e-02
9.437912702560424805e-02
9.435626864433288574e-02
8.996361494064331055e-02
9.372387826442718506e-02
9.122287482023239136e-02
9.330248832702636719e-02
9.015349298715591431e-02
9.214302897453308105e-02
1.245707347989082336e-01
1.213143393397331238e-01
1.250755041837692261e-01
1.245355606079101562e-01
1.197596043348312378e-01
1.200197115540504456e-01
1.196850985288619995e-01
1.227590143680572510e-01
1.227206140756607056e-01
1.184148490428924561e-01
1.220951825380325317e-01
1.196254640817642212e-01
1.216695755720138550e-01
1.185665577650070190e-01
1.205050498247146606e-01
1.240441128611564636e-01
1.208557114005088806e-01
1.245495527982711792e-01
1.240245178341865540e-01
1.193300634622573853e-01
9.058310091495513916e-02
9.025559574365615845e-02
9.326556324958801270e-02
9.323774278163909912e-02
8.903446793556213379e-02
9.264732897281646729e-02
9.023354947566986084e-02
9.225453436374664307e-02
8.922216296195983887e-02
9.112274646759033203e-02
9.459972381591796875e-02
9.148425608873367310e-02
9.511758387088775635e-02
9.461851418018341064e-02
9.001148492097854614e-02
9.027361869812011719e-02
8.995322883129119873e-02
9.290421009063720703e-02
9.286990016698837280e-02
8.875101804733276367e-02
1.214536577463150024e-01
1.190708428621292114e-01
1.210542172193527222e-01
1.180637255311012268e-01
1.199200153350830078e-01
1.233297511935234070e-01
1.202629879117012024e-01
1.238307207822799683e-01
1.233343482017517090e-01
1.187935248017311096e-01
1.190423518419265747e-01
1.187152117490768433e-01
1.215961426496505737e-01
1.215535625815391541e-01
1.175109595060348511e-01
1.209803596138954163e-01
1.186401396989822388e-01
1.206005960702896118e-01
1.176614016294479370e-01
1.194788813591003418e-01
9.400135278701782227e-02
9.100642800331115723e-02
9.451798349618911743e-02
9.404750913381576538e-02
8.958372473716735840e-02
8.983628451824188232e-02
8.952255547046661377e-02
9.235990047454833984e-02
9.232401847839355469e-02
8.836071193218231201e-02
9.178148955106735229e-02
8.948400616645812988e-02
9.142510592937469482e-02
8.853963017463684082e-02
9.033435583114624023e-02
9.363353252410888672e-02
9.069021046161651611e-02
9.414707869291305542e-02
9.368681907653808594e-02
8.929057419300079346e-02
1.182019412517547607e-01
1.178824007511138916e-01
1.206533014774322510e-01
1.206090003252029419e-01
1.167145520448684692e-01
1.200667321681976318e-01
1.177990660071372986e-01
1.197073310613632202e-01
1.168638318777084351e-01
1.186124607920646667e-01
1.218456923961639404e-01
1.189479380846023560e-01
1.223424002528190613e-01
1.218922138214111328e-01
1.175470650196075439e-01
1.177829504013061523e-01
1.174673959612846375e-01
1.201944500207901001e-01
1.201511323451995850e-01
1.163174286484718323e-01
9.015496075153350830e-02
8.792428672313690186e-02
8.982108533382415771e-02
8.702160418033599854e-02
8.875365555286407471e-02
9.194722771644592285e-02
8.910688012838363647e-02
9.245807677507400513e-02
9.202487766742706299e-02
8.774957060813903809e-02
8.799282461404800415e-02
8.768621832132339478e-02
9.036788344383239746e-02
9.033244103193283081e-02
8.657838404178619385e-02
8.983307331800460815e-02
8.763879537582397461e-02
8.950875699520111084e-02
8.675874769687652588e-02
8.845554292201995850e-02
1.201405003666877747e-01
1.173376142978668213e-01
1.206331104040145874e-01
1.202049851417541504e-01
1.159788966178894043e-01
1.162090301513671875e-01
1.158996075391769409e-01
1.185320094227790833e-01
1.184886693954467773e-01
1.147824451327323914e-01
1.179829016327857971e-01
1.158062666654586792e-01
1.176503077149391174e-01
1.149258464574813843e-01
1.165889799594879150e-01
1.196796447038650513e-01
1.169215291738510132e-01
1.201709210872650146e-01
1.197512224316596985e-01
1.155802607536315918e-01
8.708160370588302612e-02
8.677999675273895264e-02
8.937335014343261719e-02
8.934128284454345703e-02
8.570396900177001953e-02
8.886134624481201172e-02
8.672608435153961182e-02
8.855733275413513184e-02
8.588181436061859131e-02
8.752413094043731689e-02
9.057454764842987061e-02
8.787006139755249023e-02
9.107941389083862305e-02
9.068122506141662598e-02
8.657012879848480225e-02
8.680275082588195801e-02
8.650644123554229736e-02
8.906076848506927490e-02
8.902470022439956665e-02
8.544216305017471313e-02
1.172670796513557434e-01
1.151480376720428467e-01
1.169498935341835022e-01
1.143002063035964966e-01
1.159111037850379944e-01
1.189119294285774231e-01
1.162395775318145752e-01
1.193999201059341431e-01
1.190015375614166260e-01
1.149325221776962280e-01
1.151546686887741089e-01
1.148501187562942505e-01
1.173534244298934937e-01
1.173135638236999512e-01
1.137769743800163269e-01
1.168396323919296265e-01
1.147486567497253418e-01
1.165349781513214111e-01
1.139202713966369629e-01
1.155042126774787903e-01
8.935244381427764893e-02
8.673084527254104614e-02
8.985486626625061035e-02
8.947844058275222778e-02
8.546338230371475220e-02
8.568847179412841797e-02
8.539710938930511475e-02
8.787575364112854004e-02
8.784282207489013672e-02
8.436127007007598877e-02
8.739480376243591309e-02
8.533555269241333008e-02
8.710999786853790283e-02
8.453351259231567383e-02
8.610756695270538330e-02
8.903541415929794312e-02
8.644925057888031006e-02
8.953497558832168579e-02
8.916470408439636230e-02
8.519753813743591309e-02
1.143894642591476440e-01
1.140902936458587646e-01
1.165182888507843018e-01
1.164761334657669067e-01
1.130424663424491882e-01
1.160259097814559937e-01
1.139840036630630493e-01
1.157333478331565857e-01
1.131853312253952026e-01
1.147222369909286499e-01
1.176030263304710388e-01
1.150451675057411194e-01
1.180859208106994629e-01
1.177191734313964844e-01
1.137849241495132446e-01
1.139969974756240845e-01
1.137012019753456116e-01
1.160999238491058350e-01
1.160648316144943237e-01
1.126651465892791748e-01
8.588235080242156982e-02
8.386892080307006836e-02
8.561208844184875488e-02
8.309529721736907959e-02
8.462663739919662476e-02
8.748178184032440186e-02
8.496867865324020386e-02
8.797967433929443359e-02
8.762679994106292725e-02
8.374379575252532959e-02
8.396263420581817627e-02
8.367636054754257202e-02
8.604612946510314941e-02
8.601775765419006348e-02
8.267727494239807129e-02
8.559710532426834106e-02
8.360964804887771606e-02
8.533334732055664062e-02
8.285153657197952271e-02
8.435925841331481934e-02
1.160644814372062683e-01
1.135753095149993896e-01
1.165429130196571350e-01
1.161940097808837891e-01
1.123404651880264282e-01
1.125466525554656982e-01
1.122566759586334229e-01
1.145905107259750366e-01
1.145562082529067993e-01
1.112442463636398315e-01
1.141258925199508667e-01
1.121464297175407410e-01
1.138485670089721680e-01
1.113812550902366638e-01
1.128643453121185303e-01
1.156431287527084351e-01
1.131870299577713013e-01
1.161212101578712463e-01
1.157773584127426147e-01
1.119644492864608765e-01
8.311426639556884766e-02
8.283190429210662842e-02
8.513986319303512573e-02
8.511562645435333252e-02
8.185593038797378540e-02
8.470917493104934692e-02
8.276180922985076904e-02
8.445733785629272461e-02
8.202712982892990112e-02
8.349888026714324951e-02
8.625064790248870850e-02
8.383538573980331421e-02
8.674284815788269043e-02
8.641771227121353149e-02
8.264878392219543457e-02
8.285869657993316650e-02
8.258071541786193848e-02
8.486212790012359619e-02
8.483470976352691650e-02
8.161273598670959473e-02
1.133280768990516663e-01
1.113903522491455078e-01
1.130620166659355164e-01
1.106477379798889160e-01
1.120955497026443481e-01
1.148104593157768250e-01
1.124145090579986572e-01
1.152849867939949036e-01
1.149560213088989258e-01
1.112161129713058472e-01
1.114166975021362305e-01
1.111297085881233215e-01
1.133715063333511353e-01
1.133413165807723999e-01
1.101483777165412903e-01
1.129306107759475708e-01
1.110141500830650330e-01
1.126751005649566650e-01
1.102858185768127441e-01
1.117143034934997559e-01
8.477768301963806152e-02
8.242349326610565186e-02
8.526824414730072021e-02
8.495757728815078735e-02
8.125994354486465454e-02
8.146619796752929688e-02
8.119060099124908447e-02
8.341591060161590576e-02
8.339411020278930664e-02
8.024283498525619507e-02
8.300898969173431396e-02
8.111527562141418457e-02
8.276927471160888672e-02
8.041054010391235352e-02
8.183433860540390015e-02
8.449802547693252563e-02
8.216907083988189697e-02
8.498559892177581787e-02
8.467969298362731934e-02
8.101584017276763916e-02
0.000000000000000000e+00
0.000000000000000000e+00
0.000000000000000000e+00
0.000000000000000000e+00
0.000000000000000000e+00
0.000000000000000000e+00
0.000000000000000000e+00
0.000000000000000000e+00
0.000000000000000000e+00
0.000000000000000000e+00
0.000000000000000000e+00
0.000000000000000000e+00
0.000000000000000000e+00
0.000000000000000000e+00
0.000000000000000000e+00
0.000000000000000000e+00
0.000000000000000000e+00
0.000000000000000000e+00
0.000000000000000000e+00
0.000000000000000000e+00
0.000000000000000000e+00
0.000000000000000000e+00
0.000000000000000000e+00
0.000000000000000000e+00
0.000000000000000000e+00
0.000000000000000000e+00
0.000000000000000000e+00
0.000000000000000000e+00
0.000000000000000000e+00
0.000000000000000000e+00
0.000000000000000000e+00
0.000000000000000000e+00
0.000000000000000000e+00
0.000000000000000000e+00
0.000000000000000000e+00
0.000000000000000000e+00
0.000000000000000000e+00
0.000000000000000000e+00
0.000000000000000000e+00
0.000000000000000000e+00
0.000000000000000000e+00
0.000000000000000000e+00
0.000000000000000000e+00
0.000000000000000000e+00
0.000000000000000000e+00
0.000000000000000000e+00
0.000000000000000000e+00
0.000000000000000000e+00
0.000000000000000000e+00
0.000000000000000000e+00
0.000000000000000000e+00
0.000000000000000000e+00
0.000000000000000000e+00
0.000000000000000000e+00
0.000000000000000000e+00
0.000000000000000000e+00
0.000000000000000000e+00
0.000000000000000000e+00
0.000000000000000000e+00
0.000000000000000000e+00
0.000000000000000000e+00
0.000000000000000000e+00
0.000000000000000000e+00
0.000000000000000000e+00
0.000000000000000000e+00
0.000000000000000000e+00
0.000000000000000000e+00
0.000000000000000000e+00
0.000000000000000000e+00
0.000000000000000000e+00
0.000000000000000000e+00
0.000000000000000000e+00
0.000000000000000000e+00
0.000000000000000000e+00
0.000000000000000000e+00
0.000000000000000000e+00
0.000000000000000000e+00
0.000000000000000000e+00
0.000000000000000000e+00
0.000000000000000000e+00
0.000000000000000000e+00
0.000000000000000000e+00
0.000000000000000000e+00
0.000000000000000000e+00
0.000000000000000000e+00
0.000000000000000000e+00
0.000000000000000000e+00
0.000000000000000000e+00
0.000000000000000000e+00
0.000000000000000000e+00
0.000000000000000000e+00
0.000000000000000000e+00
0.000000000000000000e+00
0.000000000000000000e+00
0.000000000000000000e+00
0.000000000000000000e+00
0.000000000000000000e+00
0.000000000000000000e+00
0.000000000000000000e+00
0.000000000000000000e+00
0.000000000000000000e+00
0.000000000000000000e+00
0.000000000000000000e+00
0.000000000000000000e+00
0.000000000000000000e+00
0.000000000000000000e+00
0.000000000000000000e+00
0.000000000000000000e+00
0.000000000000000000e+00
0.000000000000000000e+00
0.000000000000000000e+00
0.000000000000000000e+00
0.000000000000000000e+00
0.000000000000000000e+00
0.000000000000000000e+00
0.000000000000000000e+00
0.000000000000000000e+00
0.000000000000000000e+00
0.000000000000000000e+00
0.000000000000000000e+00
0.000000000000000000e+00
0.000000000000000000e+00
0.000000000000000000e+00
0.000000000000000000e+00
0.000000000000000000e+00
0.000000000000000000e+00
0.000000000000000000e+00
0.000000000000000000e+00
0.000000000000000000e+00
0.000000000000000000e+00
0.000000000000000000e+00
0.000000000000000000e+00
0.000000000000000000e+00
0.000000000000000000e+00
0.000000000000000000e+00
0.000000000000000000e+00
0.000000000000000000e+00
0.000000000000000000e+00
0.000000000000000000e+00
0.000000000000000000e+00
0.000000000000000000e+00
0.000000000000000000e+00
0.000000000000000000e+00
0.000000000000000000e+00
0.000000000000000000e+00
0.000000000000000000e+00
0.000000000000000000e+00
0.000000000000000000e+00
0.000000000000000000e+00
0.000000000000000000e+00
0.000000000000000000e+00
0.000000000000000000e+00
0.000000000000000000e+00
0.000000000000000000e+00
0.000000000000000000e+00
0.000000000000000000e+00
0.000000000000000000e+00
0.000000000000000000e+00
0.000000000000000000e+00
0.000000000000000000e+00
0.000000000000000000e+00
0.000000000000000000e+00
0.000000000000000000e+00
0.000000000000000000e+00
0.000000000000000000e+00
0.000000000000000000e+00
0.000000000000000000e+00
0.000000000000000000e+00
0.000000000000000000e+00
0.000000000000000000e+00
0.000000000000000000e+00
0.000000000000000000e+00
0.000000000000000000e+00
0.000000000000000000e+00
0.000000000000000000e+00
0.000000000000000000e+00
0.000000000000000000e+00
0.000000000000000000e+00
0.000000000000000000e+00
0.000000000000000000e+00
0.000000000000000000e+00
0.000000000000000000e+00
0.000000000000000000e+00
0.000000000000000000e+00
0.000000000000000000e+00
0.000000000000000000e+00
0.000000000000000000e+00
0.000000000000000000e+00
0.000000000000000000e+00
0.000000000000000000e+00
0.000000000000000000e+00
0.000000000000000000e+00
0.000000000000000000e+00
0.000000000000000000e+00
0.000000000000000000e+00
0.000000000000000000e+00
0.000000000000000000e+00
0.000000000000000000e+00
0.000000000000000000e+00
0.000000000000000000e+00
0.000000000000000000e+00
0.000000000000000000e+00
0.000000000000000000e+00
0.000000000000000000e+00
0.000000000000000000e+00
0.000000000000000000e+00
0.000000000000000000e+00
0.000000000000000000e+00
0.000000000000000000e+00
0.000000000000000000e+00
0.000000000000000000e+00
0.000000000000000000e+00
0.000000000000000000e+00
0.000000000000000000e+00
0.000000000000000000e+00
0.000000000000000000e+00
0.000000000000000000e+00
0.000000000000000000e+00
0.000000000000000000e+00
0.000000000000000000e+00
0.000000000000000000e+00
0.000000000000000000e+00
0.000000000000000000e+00
0.000000000000000000e+00
0.000000000000000000e+00
0.000000000000000000e+00
0.000000000000000000e+00
0.000000000000000000e+00
0.000000000000000000e+00
0.000000000000000000e+00
0.000000000000000000e+00
0.000000000000000000e+00
0.000000000000000000e+00
0.000000000000000000e+00
0.000000000000000000e+00
0.000000000000000000e+00
0.000000000000000000e+00
0.000000000000000000e+00
0.000000000000000000e+00
0.000000000000000000e+00
0.000000000000000000e+00
0.000000000000000000e+00
0.000000000000000000e+00
0.000000000000000000e+00
0.000000000000000000e+00
0.000000000000000000e+00
0.000000000000000000e+00
0.000000000000000000e+00
0.000000000000000000e+00
0.000000000000000000e+00
0.000000000000000000e+00
0.000000000000000000e+00
0.000000000000000000e+00
0.000000000000000000e+00
0.000000000000000000e+00
0.000000000000000000e+00
0.000000000000000000e+00
0.000000000000000000e+00
0.000000000000000000e+00
0.000000000000000000e+00
0.000000000000000000e+00
0.000000000000000000e+00
0.000000000000000000e+00
0.000000000000000000e+00
0.000000000000000000e+00
0.000000000000000000e+00
0.000000000000000000e+00
0.000000000000000000e+00
0.000000000000000000e+00
0.000000000000000000e+00
0.000000000000000000e+00
0.000000000000000000e+00
0.000000000000000000e+00
0.000000000000000000e+00
0.000000000000000000e+00
0.000000000000000000e+00
0.000000000000000000e+00
0.000000000000000000e+00
0.000000000000000000e+00
0.000000000000000000e+00
0.000000000000000000e+00
0.000000000000000000e+00
0.000000000000000000e+00
0.000000000000000000e+00
0.000000000000000000e+00
0.000000000000000000e+00
0.000000000000000000e+00
0.000000000000000000e+00
0.000000000000000000e+00
0.000000000000000000e+00
0.000000000000000000e+00
0.000000000000000000e+00
0.000000000000000000e+00
0.000000000000000000e+00
0.000000000000000000e+00
0.000000000000000000e+00
0.000000000000000000e+00
0.000000000000000000e+00
0.000000000000000000e+00
0.000000000000000000e+00
0.000000000000000000e+00
0.000000000000000000e+00
0.000000000000000000e+00
0.000000000000000000e+00
0.000000000000000000e+00
0.000000000000000000e+00
0.000000000000000000e+00
0.000000000000000000e+00
0.000000000000000000e+00
0.000000000000000000e+00
0.000000000000000000e+00
0.000000000000000000e+00
0.000000000000000000e+00
0.000000000000000000e+00
0.000000000000000000e+00
0.000000000000000000e+00
0.000000000000000000e+00
0.000000000000000000e+00
0.000000000000000000e+00
0.000000000000000000e+00
0.000000000000000000e+00
0.000000000000000000e+00
0.000000000000000000e+00
0.000000000000000000e+00
0.000000000000000000e+00
0.000000000000000000e+00
0.000000000000000000e+00
0.000000000000000000e+00
0.000000000000000000e+00
0.000000000000000000e+00
0.000000000000000000e+00
0.000000000000000000e+00
0.000000000000000000e+00
0.000000000000000000e+00
0.000000000000000000e+00
0.000000000000000000e+00
0.000000000000000000e+00
0.000000000000000000e+00
0.000000000000000000e+00
0.000000000000000000e+00
0.000000000000000000e+00
0.000000000000000000e+00
0.000000000000000000e+00
0.000000000000000000e+00
0.000000000000000000e+00
0.000000000000000000e+00
0.000000000000000000e+00
0.000000000000000000e+00
0.000000000000000000e+00
0.000000000000000000e+00
0.000000000000000000e+00
0.000000000000000000e+00
0.000000000000000000e+00
0.000000000000000000e+00
0.000000000000000000e+00
0.000000000000000000e+00
0.000000000000000000e+00
0.000000000000000000e+00
0.000000000000000000e+00
0.000000000000000000e+00
0.000000000000000000e+00
0.000000000000000000e+00
0.000000000000000000e+00
0.000000000000000000e+00
0.000000000000000000e+00
0.000000000000000000e+00
0.000000000000000000e+00
0.000000000000000000e+00
0.000000000000000000e+00
0.000000000000000000e+00
0.000000000000000000e+00
0.000000000000000000e+00
0.000000000000000000e+00
0.000000000000000000e+00
0.000000000000000000e+00
0.000000000000000000e+00
0.000000000000000000e+00
0.000000000000000000e+00
0.000000000000000000e+00
0.000000000000000000e+00
0.000000000000000000e+00
0.000000000000000000e+00
0.000000000000000000e+00
0.000000000000000000e+00
0.000000000000000000e+00
0.000000000000000000e+00
0.000000000000000000e+00
0.000000000000000000e+00
0.000000000000000000e+00
0.000000000000000000e+00
0.000000000000000000e+00
0.000000000000000000e+00
0.000000000000000000e+00
0.000000000000000000e+00
0.000000000000000000e+00
0.000000000000000000e+00
0.000000000000000000e+00
0.000000000000000000e+00
0.000000000000000000e+00
0.000000000000000000e+00
0.000000000000000000e+00
0.000000000000000000e+00
0.000000000000000000e+00
0.000000000000000000e+00
0.000000000000000000e+00
0.000000000000000000e+00
0.000000000000000000e+00
0.000000000000000000e+00
0.000000000000000000e+00
0.000000000000000000e+00
0.000000000000000000e+00
0.000000000000000000e+00
0.000000000000000000e+00
0.000000000000000000e+00
0.000000000000000000e+00
0.000000000000000000e+00
0.000000000000000000e+00
0.000000000000000000e+00
0.000000000000000000e+00
0.000000000000000000e+00
0.000000000000000000e+00
0.000000000000000000e+00
0.000000000000000000e+00
0.000000000000000000e+00
0.000000000000000000e+00
0.000000000000000000e+00
0.000000000000000000e+00
0.000000000000000000e+00
0.000000000000000000e+00
0.000000000000000000e+00
0.000000000000000000e+00
0.000000000000000000e+00
0.000000000000000000e+00
0.000000000000000000e+00
0.000000000000000000e+00
0.000000000000000000e+00
0.000000000000000000e+00
0.000000000000000000e+00
0.000000000000000000e+00
0.000000000000000000e+00
0.000000000000000000e+00
0.000000000000000000e+00
0.000000000000000000e+00
0.000000000000000000e+00
0.000000000000000000e+00
0.000000000000000000e+00
0.000000000000000000e+00
0.000000000000000000e+00
0.000000000000000000e+00
0.000000000000000000e+00
0.000000000000000000e+00
0.000000000000000000e+00
0.000000000000000000e+00
0.000000000000000000e+00
0.000000000000000000e+00
0.000000000000000000e+00
0.000000000000000000e+00
0.000000000000000000e+00
0.000000000000000000e+00
0.000000000000000000e+00
0.000000000000000000e+00
0.000000000000000000e+00
0.000000000000000000e+00
0.000000000000000000e+00
0.000000000000000000e+00
0.000000000000000000e+00
0.000000000000000000e+00
0.000000000000000000e+00
0.000000000000000000e+00
0.000000000000000000e+00
0.000000000000000000e+00
0.000000000000000000e+00
0.000000000000000000e+00
0.000000000000000000e+00
0.000000000000000000e+00
0.000000000000000000e+00
0.000000000000000000e+00
0.000000000000000000e+00
0.000000000000000000e+00
0.000000000000000000e+00
0.000000000000000000e+00
0.000000000000000000e+00
0.000000000000000000e+00
0.000000000000000000e+00
0.000000000000000000e+00
0.000000000000000000e+00
0.000000000000000000e+00
0.000000000000000000e+00
0.000000000000000000e+00
0.000000000000000000e+00
0.000000000000000000e+00
0.000000000000000000e+00
0.000000000000000000e+00
0.000000000000000000e+00
0.000000000000000000e+00
0.000000000000000000e+00
0.000000000000000000e+00
0.000000000000000000e+00
0.000000000000000000e+00
0.000000000000000000e+00
0.000000000000000000e+00
0.000000000000000000e+00
0.000000000000000000e+00
0.000000000000000000e+00
0.000000000000000000e+00
0.000000000000000000e+00
0.000000000000000000e+00
0.000000000000000000e+00
0.000000000000000000e+00
0.000000000000000000e+00
0.000000000000000000e+00
0.000000000000000000e+00
0.000000000000000000e+00
0.000000000000000000e+00
0.000000000000000000e+00
0.000000000000000000e+00
0.000000000000000000e+00
0.000000000000000000e+00
0.000000000000000000e+00
0.000000000000000000e+00
0.000000000000000000e+00
0.000000000000000000e+00
0.000000000000000000e+00
0.000000000000000000e+00
0.000000000000000000e+00
0.000000000000000000e+00
0.000000000000000000e+00
0.000000000000000000e+00
0.000000000000000000e+00
0.000000000000000000e+00
0.000000000000000000e+00
0.000000000000000000e+00
0.000000000000000000e+00
0.000000000000000000e+00
0.000000000000000000e+00
0.000000000000000000e+00
0.000000000000000000e+00
0.000000000000000000e+00
0.000000000000000000e+00
0.000000000000000000e+00
0.000000000000000000e+00
0.000000000000000000e+00
0.000000000000000000e+00
0.000000000000000000e+00
0.000000000000000000e+00
0.000000000000000000e+00
0.000000000000000000e+00
0.000000000000000000e+00
0.000000000000000000e+00
0.000000000000000000e+00
0.000000000000000000e+00
0.000000000000000000e+00
0.000000000000000000e+00
0.000000000000000000e+00
0.000000000000000000e+00
0.000000000000000000e+00
0.000000000000000000e+00
0.000000000000000000e+00
0.000000000000000000e+00
0.000000000000000000e+00
0.000000000000000000e+00
0.000000000000000000e+00
0.000000000000000000e+00
0.000000000000000000e+00
0.000000000000000000e+00
0.000000000000000000e+00
0.000000000000000000e+00
0.000000000000000000e+00
0.000000000000000000e+00
0.000000000000000000e+00
0.000000000000000000e+00
0.000000000000000000e+00
0.000000000000000000e+00
0.000000000000000000e+00
0.000000000000000000e+00
0.000000000000000000e+00
0.000000000000000000e+00
0.000000000000000000e+00
0.000000000000000000e+00
0.000000000000000000e+00
0.000000000000000000e+00
0.000000000000000000e+00
0.000000000000000000e+00
0.000000000000000000e+00
0.000000000000000000e+00
0.000000000000000000e+00
0.000000000000000000e+00
0.000000000000000000e+00
0.000000000000000000e+00
0.000000000000000000e+00
0.000000000000000000e+00
0.000000000000000000e+00
0.000000000000000000e+00
0.000000000000000000e+00
0.000000000000000000e+00
0.000000000000000000e+00
0.000000000000000000e+00
0.000000000000000000e+00
0.000000000000000000e+00
0.000000000000000000e+00
0.000000000000000000e+00
0.000000000000000000e+00
0.000000000000000000e+00
0.000000000000000000e+00
0.000000000000000000e+00
0.000000000000000000e+00
0.000000000000000000e+00
0.000000000000000000e+00
0.000000000000000000e+00
0.000000000000000000e+00
0.000000000000000000e+00
0.000000000000000000e+00
0.000000000000000000e+00
0.000000000000000000e+00
0.000000000000000000e+00
0.000000000000000000e+00
0.000000000000000000e+00
0.000000000000000000e+00
0.000000000000000000e+00
0.000000000000000000e+00
0.000000000000000000e+00
0.000000000000000000e+00
0.000000000000000000e+00
0.000000000000000000e+00
0.000000000000000000e+00
0.000000000000000000e+00
0.000000000000000000e+00
0.000000000000000000e+00
0.000000000000000000e+00
0.000000000000000000e+00
0.000000000000000000e+00
0.000000000000000000e+00
0.000000000000000000e+00
0.000000000000000000e+00
0.000000000000000000e+00
0.000000000000000000e+00
0.000000000000000000e+00
0.000000000000000000e+00
0.000000000000000000e+00
0.000000000000000000e+00
0.000000000000000000e+00
0.000000000000000000e+00
0.000000000000000000e+00
0.000000000000000000e+00
0.000000000000000000e+00
0.000000000000000000e+00
0.000000000000000000e+00
0.000000000000000000e+00
0.000000000000000000e+00
0.000000000000000000e+00
0.000000000000000000e+00
0.000000000000000000e+00
0.000000000000000000e+00
0.000000000000000000e+00
0.000000000000000000e+00
0.000000000000000000e+00
0.000000000000000000e+00
0.000000000000000000e+00
0.000000000000000000e+00
0.000000000000000000e+00
0.000000000000000000e+00
0.000000000000000000e+00
0.000000000000000000e+00
0.000000000000000000e+00
0.000000000000000000e+00
0.000000000000000000e+00
0.000000000000000000e+00
0.000000000000000000e+00
0.000000000000000000e+00
0.000000000000000000e+00
0.000000000000000000e+00
0.000000000000000000e+00
0.000000000000000000e+00
0.000000000000000000e+00
0.000000000000000000e+00
0.000000000000000000e+00
0.000000000000000000e+00
0.000000000000000000e+00
0.000000000000000000e+00
0.000000000000000000e+00
0.000000000000000000e+00
0.000000000000000000e+00
0.000000000000000000e+00
0.000000000000000000e+00
0.000000000000000000e+00
0.000000000000000000e+00
0.000000000000000000e+00
0.000000000000000000e+00
0.000000000000000000e+00
0.000000000000000000e+00
0.000000000000000000e+00
0.000000000000000000e+00
0.000000000000000000e+00
0.000000000000000000e+00
0.000000000000000000e+00
0.000000000000000000e+00
0.000000000000000000e+00
0.000000000000000000e+00
0.000000000000000000e+00
0.000000000000000000e+00
0.000000000000000000e+00
0.000000000000000000e+00
0.000000000000000000e+00
0.000000000000000000e+00
0.000000000000000000e+00
0.000000000000000000e+00
0.000000000000000000e+00
0.000000000000000000e+00
0.000000000000000000e+00
0.000000000000000000e+00
0.000000000000000000e+00
0.000000000000000000e+00
0.000000000000000000e+00
0.000000000000000000e+00
0.000000000000000000e+00
0.000000000000000000e+00
0.000000000000000000e+00
0.000000000000000000e+00
0.000000000000000000e+00
0.000000000000000000e+00
0.000000000000000000e+00
0.000000000000000000e+00
0.000000000000000000e+00
0.000000000000000000e+00
0.000000000000000000e+00
0.000000000000000000e+00
0.000000000000000000e+00
0.000000000000000000e+00
0.000000000000000000e+00
0.000000000000000000e+00
0.000000000000000000e+00
0.000000000000000000e+00
0.000000000000000000e+00
0.000000000000000000e+00
0.000000000000000000e+00
0.000000000000000000e+00
0.000000000000000000e+00
0.000000000000000000e+00
0.000000000000000000e+00
0.000000000000000000e+00
0.000000000000000000e+00
0.000000000000000000e+00
0.000000000000000000e+00
0.000000000000000000e+00
0.000000000000000000e+00
0.000000000000000000e+00
0.000000000000000000e+00
0.000000000000000000e+00
0.000000000000000000e+00
0.000000000000000000e+00
0.000000000000000000e+00
0.000000000000000000e+00
0.000000000000000000e+00
0.000000000000000000e+00
0.000000000000000000e+00
0.000000000000000000e+00
0.000000000000000000e+00
0.000000000000000000e+00
0.000000000000000000e+00
0.000000000000000000e+00
0.000000000000000000e+00
0.000000000000000000e+00
0.000000000000000000e+00
0.000000000000000000e+00
0.000000000000000000e+00
0.000000000000000000e+00
0.000000000000000000e+00
0.000000000000000000e+00
0.000000000000000000e+00
0.000000000000000000e+00
0.000000000000000000e+00
0.000000000000000000e+00
0.000000000000000000e+00
0.000000000000000000e+00
0.000000000000000000e+00
0.000000000000000000e+00
0.000000000000000000e+00
0.000000000000000000e+00
0.000000000000000000e+00
0.000000000000000000e+00
0.000000000000000000e+00
0.000000000000000000e+00
0.000000000000000000e+00
0.000000000000000000e+00
0.000000000000000000e+00
0.000000000000000000e+00
0.000000000000000000e+00
0.000000000000000000e+00
0.000000000000000000e+00
0.000000000000000000e+00
0.000000000000000000e+00
0.000000000000000000e+00
0.000000000000000000e+00
0.000000000000000000e+00
0.000000000000000000e+00
0.000000000000000000e+00
0.000000000000000000e+00
0.000000000000000000e+00
0.000000000000000000e+00
0.000000000000000000e+00
0.000000000000000000e+00
0.000000000000000000e+00
0.000000000000000000e+00
0.000000000000000000e+00
0.000000000000000000e+00
0.000000000000000000e+00
0.000000000000000000e+00
0.000000000000000000e+00
0.000000000000000000e+00
0.000000000000000000e+00
0.000000000000000000e+00
0.000000000000000000e+00
0.000000000000000000e+00
0.000000000000000000e+00
0.000000000000000000e+00
0.000000000000000000e+00
0.000000000000000000e+00
0.000000000000000000e+00
0.000000000000000000e+00
0.000000000000000000e+00
0.000000000000000000e+00
0.000000000000000000e+00
0.000000000000000000e+00
0.000000000000000000e+00
0.000000000000000000e+00
0.000000000000000000e+00
0.000000000000000000e+00
0.000000000000000000e+00
0.000000000000000000e+00
0.000000000000000000e+00
0.000000000000000000e+00
0.000000000000000000e+00
0.000000000000000000e+00
0.000000000000000000e+00
0.000000000000000000e+00
0.000000000000000000e+00
0.000000000000000000e+00
0.000000000000000000e+00
0.000000000000000000e+00
0.000000000000000000e+00
0.000000000000000000e+00
0.000000000000000000e+00
0.000000000000000000e+00
0.000000000000000000e+00
0.000000000000000000e+00
0.000000000000000000e+00
0.000000000000000000e+00
0.000000000000000000e+00
0.000000000000000000e+00
0.000000000000000000e+00
0.000000000000000000e+00
0.000000000000000000e+00
0.000000000000000000e+00
0.000000000000000000e+00
0.000000000000000000e+00
0.000000000000000000e+00
0.000000000000000000e+00
0.000000000000000000e+00
0.000000000000000000e+00
0.000000000000000000e+00
0.000000000000000000e+00
0.000000000000000000e+00
0.000000000000000000e+00
0.000000000000000000e+00
0.000000000000000000e+00
0.000000000000000000e+00
0.000000000000000000e+00
0.000000000000000000e+00
0.000000000000000000e+00
0.000000000000000000e+00
0.000000000000000000e+00
0.000000000000000000e+00
0.000000000000000000e+00
0.000000000000000000e+00
0.000000000000000000e+00
0.000000000000000000e+00
0.000000000000000000e+00
0.000000000000000000e+00
0.000000000000000000e+00
0.000000000000000000e+00
0.000000000000000000e+00
0.000000000000000000e+00
0.000000000000000000e+00
0.000000000000000000e+00
0.000000000000000000e+00
0.000000000000000000e+00
0.000000000000000000e+00
0.000000000000000000e+00
0.000000000000000000e+00
0.000000000000000000e+00
0.000000000000000000e+00
0.000000000000000000e+00
0.000000000000000000e+00
0.000000000000000000e+00
0.000000000000000000e+00
0.000000000000000000e+00
0.000000000000000000e+00
0.000000000000000000e+00
0.000000000000000000e+00
0.000000000000000000e+00
0.000000000000000000e+00
0.000000000000000000e+00
0.000000000000000000e+00
0.000000000000000000e+00
0.000000000000000000e+00
0.000000000000000000e+00
0.000000000000000000e+00
0.000000000000000000e+00
0.000000000000000000e+00
0.000000000000000000e+00
0.000000000000000000e+00
0.000000000000000000e+00
0.000000000000000000e+00
0.000000000000000000e+00
0.000000000000000000e+00
0.000000000000000000e+00
0.000000000000000000e+00
0.000000000000000000e+00
0.000000000000000000e+00
0.000000000000000000e+00
0.000000000000000000e+00
0.000000000000000000e+00
0.000000000000000000e+00
0.000000000000000000e+00
0.000000000000000000e+00
0.000000000000000000e+00
0.000000000000000000e+00
0.000000000000000000e+00
0.000000000000000000e+00
0.000000000000000000e+00
0.000000000000000000e+00
0.000000000000000000e+00
0.000000000000000000e+00
0.000000000000000000e+00
0.000000000000000000e+00
0.000000000000000000e+00
0.000000000000000000e+00
0.000000000000000000e+00
0.000000000000000000e+00
0.000000000000000000e+00
0.000000000000000000e+00
0.000000000000000000e+00
0.000000000000000000e+00
0.000000000000000000e+00
0.000000000000000000e+00
0.000000000000000000e+00
0.000000000000000000e+00
0.000000000000000000e+00
0.000000000000000000e+00
0.000000000000000000e+00
0.000000000000000000e+00
0.000000000000000000e+00
0.000000000000000000e+00
0.000000000000000000e+00
0.000000000000000000e+00
0.000000000000000000e+00
0.000000000000000000e+00
0.000000000000000000e+00
0.000000000000000000e+00
0.000000000000000000e+00
0.000000000000000000e+00
0.000000000000000000e+00
0.000000000000000000e+00
0.000000000000000000e+00
0.000000000000000000e+00
0.000000000000000000e+00
0.000000000000000000e+00
0.000000000000000000e+00
0.000000000000000000e+00
0.000000000000000000e+00
0.000000000000000000e+00
0.000000000000000000e+00
0.000000000000000000e+00
0.000000000000000000e+00
0.000000000000000000e+00
0.000000000000000000e+00
0.000000000000000000e+00
0.000000000000000000e+00
0.000000000000000000e+00
0.000000000000000000e+00
0.000000000000000000e+00
0.000000000000000000e+00
0.000000000000000000e+00
0.000000000000000000e+00
0.000000000000000000e+00
0.000000000000000000e+00
0.000000000000000000e+00
0.000000000000000000e+00
0.000000000000000000e+00
0.000000000000000000e+00
0.000000000000000000e+00
0.000000000000000000e+00
0.000000000000000000e+00
0.000000000000000000e+00
0.000000000000000000e+00
0.000000000000000000e+00
0.000000000000000000e+00
0.000000000000000000e+00
0.000000000000000000e+00
