8.599999999999999867e-01
1.131401419639587402e+00
1.149156451225280762e+00
1.112921953201293945e+00
1.103513956069946289e+00
1.128995060920715332e+00
1.183089852333068848e+00
1.089178919792175293e+00
1.067874789237976074e+00
1.181439280509948730e+00
1.113237261772155762e+00
1.112002253532409668e+00
1.060063838958740234e+00
1.117277503013610840e+00
1.101978898048400879e+00
1.037351846694946289e+00
1.070864558219909668e+00
1.063662767410278320e+00
1.055980682373046875e+00
1.002089381217956543e+00
1.161493182182312012e+00
1.025741457939147949e+00
9.860268831253051758e-01
1.108345389366149902e+00
1.012517452239990234e+00
1.058544397354125977e+00
9.243326187133789062e-01
9.939256310462951660e-01
1.033325195312500000e+00
9.169503450393676758e-01
9.696182608604431152e-01
9.495586752891540527e-01
1.069912910461425781e+00
8.998971581459045410e-01
9.584369063377380371e-01
8.111767172813415527e-01
8.497762084007263184e-01
8.490588068962097168e-01
8.036969900131225586e-01
8.616521358489990234e-01
7.516123652458190918e-01
7.547172307968139648e-01
7.523126602172851562e-01
6.782692074775695801e-01
7.503157854080200195e-01
9.187735915184020996e-01
7.967057824134826660e-01
6.820093393325805664e-01
7.056800127029418945e-01
6.347587704658508301e-01
7.027066349983215332e-01
8.081547617912292480e-01
4.618047475814819336e-01
7.283043265342712402e-01
4.762000441551208496e-01
5.714153647422790527e-01
4.181132316589355469e-01
4.307004213333129883e-01
5.229171514511108398e-01
6.714422702789306641e-01
5.225042104721069336e-01
4.683313965797424316e-01
6.517252922058105469e-01
4.954307377338409424e-01
6.645118594169616699e-01
7.323384881019592285e-01
3.527978658676147461e-01
3.525044918060302734e-01
3.853231072425842285e-01
3.676580488681793213e-01
2.857074439525604248e-01
2.218644618988037109e-01
3.759310543537139893e-01
4.378176927566528320e-01
3.914038240909576416e-01
3.131236135959625244e-01
3.436031043529510498e-01
2.551395893096923828e-01
6.802545189857482910e-01
3.914588391780853271e-01
2.760882377624511719e-01
3.481608629226684570e-01
2.523679435253143311e-01
3.354802131652832031e-01
2.655921280384063721e-01
1.570319086313247681e-01
2.289207428693771362e-01
5.537606477737426758e-01
3.175560832023620605e-01
2.250264137983322144e-01
2.141440063714981079e-01
1.899037361145019531e-01
4.288494884967803955e-01
3.077742457389831543e-01
1.726222336292266846e-01
2.860380709171295166e-01
2.274916470050811768e-01
1.999525874853134155e-01
2.477981150150299072e-01
1.309328675270080566e-01
1.581214815378189087e-01
4.331431984901428223e-01
2.274297028779983521e-01
1.244842931628227234e-01
1.673053503036499023e-01
1.068215742707252502e-01
3.492258489131927490e-01
3.458479046821594238e-01
1.521356999874114990e-01
1.428449004888534546e-01
1.586932539939880371e-01
1.980345994234085083e-01
1.224253997206687927e-01
1.204171255230903625e-01
1.219601705670356750e-01
3.330022394657135010e-01
1.317437589168548584e-01
1.313026249408721924e-01
1.077248826622962952e-01
9.730644524097442627e-02
3.102301657199859619e-01
2.697674036026000977e-01
1.920018792152404785e-01
1.918614506721496582e-01
1.635017693042755127e-01
2.112446725368499756e-01
2.323932647705078125e-01
1.212987825274467468e-01
1.903867572546005249e-01
3.003295958042144775e-01
1.699935495853424072e-01
1.408283114433288574e-01
1.605475544929504395e-01
1.207718402147293091e-01
3.071159422397613525e-01
2.033377140760421753e-01
1.507866084575653076e-01
1.974401026964187622e-01
1.811719238758087158e-01
1.645092368125915527e-01
1.807703673839569092e-01
1.806521713733673096e-01
1.681226044893264771e-01
3.115328550338745117e-01
2.004366666078567505e-01
1.670352369546890259e-01
1.634837687015533447e-01
1.693632155656814575e-01
2.714654803276062012e-01
2.257668823003768921e-01
1.588131189346313477e-01
1.915054321289062500e-01
1.963063627481460571e-01
2.039028704166412354e-01
1.781028211116790771e-01
1.639008820056915283e-01
1.935149729251861572e-01
2.847293913364410400e-01
2.106161266565322876e-01
1.602569222450256348e-01
1.572879850864410400e-01
1.131721287965774536e-01
2.574255168437957764e-01
1.800293624401092529e-01
1.290672272443771362e-01
1.389990597963333130e-01
1.416305899620056152e-01
1.747065186500549316e-01
1.430099606513977051e-01
1.118076741695404053e-01
1.394460499286651611e-01
2.180577218532562256e-01
1.345936357975006104e-01
1.389250159263610840e-01
1.226760819554328918e-01
1.123462766408920288e-01
2.277889847755432129e-01
1.850077360868453979e-01
1.151850968599319458e-01
1.431872546672821045e-01
1.277173906564712524e-01
1.797709912061691284e-01
1.933377683162689209e-01
1.446096897125244141e-01
1.485911905765533447e-01
2.229960858821868896e-01
1.879585534334182739e-01
1.423354446887969971e-01
1.607848405838012695e-01
1.374717056751251221e-01
2.316564619541168213e-01
1.739781051874160767e-01
1.545783281326293945e-01
1.557368934154510498e-01
1.585299074649810791e-01
1.667626202106475830e-01
1.664129048585891724e-01
1.524435579776763916e-01
1.503454595804214478e-01
2.105514705181121826e-01
1.665042638778686523e-01
1.245564669370651245e-01
1.022674813866615295e-01
1.126504391431808472e-01
1.778474003076553345e-01
1.364544928073883057e-01
1.034078747034072876e-01
1.272910237312316895e-01
1.093464642763137817e-01
1.340848654508590698e-01
1.179030984640121460e-01
1.042780131101608276e-01
1.242372691631317139e-01
1.776554882526397705e-01
1.164817363023757935e-01
1.113488227128982544e-01
1.203929036855697632e-01
9.632368385791778564e-02
1.753331720829010010e-01
1.363928765058517456e-01
1.038438826799392700e-01
1.465869843959808350e-01
1.529552936553955078e-01
1.586296409368515015e-01
1.577760577201843262e-01
1.340817660093307495e-01
1.467769593000411987e-01
1.915885061025619507e-01
1.520627140998840332e-01
1.396155208349227905e-01
1.443504095077514648e-01
1.473417580127716064e-01
1.995468586683273315e-01
1.800469458103179932e-01
1.376082599163055420e-01
1.463226526975631714e-01
1.428143084049224854e-01
1.667353212833404541e-01
1.505371630191802979e-01
1.388015747070312500e-01
1.406670808792114258e-01
1.462028622627258301e-01
1.300207674503326416e-01
1.055566072463989258e-01
1.011775135993957520e-01
1.023686975240707397e-01
1.587831228971481323e-01
1.200647801160812378e-01
1.100510731339454651e-01
1.109430342912673950e-01
1.070702224969863892e-01
1.207101941108703613e-01
1.210605502128601074e-01
9.681066870689392090e-02
1.087966486811637878e-01
1.401980817317962646e-01
1.155524998903274536e-01
1.136849522590637207e-01
1.020345687866210938e-01
9.681813418865203857e-02
1.491057574748992920e-01
1.753047108650207520e-01
1.326406598091125488e-01
1.516594886779785156e-01
1.389104127883911133e-01
1.550265550613403320e-01
1.434129774570465088e-01
1.376771628856658936e-01
1.369740068912506104e-01
1.737672686576843262e-01
1.434782147407531738e-01
1.387777626514434814e-01
1.455464661121368408e-01
1.327389180660247803e-01
1.807926893234252930e-01
1.584506332874298096e-01
1.438180506229400635e-01
1.375341713428497314e-01
1.434642076492309570e-01
1.517855525016784668e-01
1.449487507343292236e-01
9.567270427942276001e-02
1.079410165548324585e-01
1.281160116195678711e-01
1.119308620691299438e-01
9.977862238883972168e-02
1.015103235840797424e-01
1.051703095436096191e-01
1.463016569614410400e-01
1.154855936765670776e-01
1.015572622418403625e-01
1.162948161363601685e-01
1.002585738897323608e-01
1.205078586935997009e-01
1.085174083709716797e-01
9.684358537197113037e-02
1.000970602035522461e-01
1.294971704483032227e-01
1.068941429257392883e-01
1.025812029838562012e-01
9.770873188972473145e-02
1.328406482934951782e-01
1.740944087505340576e-01
1.481904387474060059e-01
1.325264573097229004e-01
1.422677040100097656e-01
1.434086561203002930e-01
1.477376967668533325e-01
1.483769863843917847e-01
1.307387501001358032e-01
1.360158920288085938e-01
1.593715846538543701e-01
1.470231115818023682e-01
1.331567764282226562e-01
1.355480402708053589e-01
1.296750307083129883e-01
1.680853366851806641e-01
1.616092771291732788e-01
1.330825686454772949e-01
1.367983818054199219e-01
1.370170265436172485e-01
1.205226927995681763e-01
1.043672040104866028e-01
1.018070429563522339e-01
1.014574915170669556e-01
1.221635416150093079e-01
1.056622937321662903e-01
1.044743433594703674e-01
9.792070090770721436e-02
9.890280663967132568e-02
1.315283030271530151e-01
1.156005039811134338e-01
1.057076901197433472e-01
1.029524728655815125e-01
1.003707796335220337e-01
1.142301112413406372e-01
1.153976619243621826e-01
9.434261918067932129e-02
1.055087819695472717e-01
1.193054392933845520e-01
1.068212240934371948e-01
1.320496201515197754e-01
1.358447074890136719e-01
1.286515593528747559e-01
1.643967777490615845e-01
1.441899240016937256e-01
1.328338235616683960e-01
1.442025899887084961e-01
1.344288289546966553e-01
1.449582576751708984e-01
1.407153904438018799e-01
1.359125971794128418e-01
1.313321441411972046e-01
1.541654467582702637e-01
1.388562321662902832e-01
1.329927146434783936e-01
1.301507800817489624e-01
1.326943784952163696e-01
1.588236689567565918e-01
1.452053785324096680e-01
1.300951242446899414e-01
1.031757667660713196e-01
1.051070243120193481e-01
1.118345186114311218e-01
1.029591783881187439e-01
9.709216654300689697e-02
1.061335355043411255e-01
1.151041910052299500e-01
1.089516505599021912e-01
9.827817976474761963e-02
9.779594093561172485e-02
9.441956877708435059e-02
1.265541762113571167e-01
1.086557283997535706e-01
9.861032664775848389e-02
1.003122106194496155e-01
9.985321760177612305e-02
1.142601817846298218e-01
1.023175641894340515e-01
9.438537061214447021e-02
1.003357023000717163e-01
1.506897211074829102e-01
1.349779069423675537e-01
1.350579708814620972e-01
1.300568878650665283e-01
1.287672668695449829e-01
1.559207737445831299e-01
1.463374197483062744e-01
1.287509202957153320e-01
1.354768276214599609e-01
1.309523731470108032e-01
1.426496952772140503e-01
1.430706679821014404e-01
1.277823746204376221e-01
1.307484358549118042e-01
1.463625729084014893e-01
1.426911652088165283e-01
1.289348304271697998e-01
1.333485245704650879e-01
1.276926547288894653e-01
1.538257449865341187e-01
1.052770465612411499e-01
9.880713373422622681e-02
9.873490035533905029e-02
9.919466078281402588e-02
1.070679649710655212e-01
1.025881990790367126e-01
9.917852282524108887e-02
9.698162972927093506e-02
1.111856549978256226e-01
1.034154742956161499e-01
1.020896062254905701e-01
9.375910460948944092e-02
9.718358516693115234e-02
1.184464916586875916e-01
1.062958091497421265e-01
9.434811025857925415e-02
1.020717695355415344e-01
9.600082039833068848e-02
1.081936284899711609e-01
9.973186254501342773e-02
1.278465390205383301e-01
1.356012225151062012e-01
1.447440981864929199e-01
1.338299065828323364e-01
1.307227611541748047e-01
1.340951323509216309e-01
1.253398656845092773e-01
1.528061628341674805e-01
1.385557055473327637e-01
1.286504268646240234e-01
1.306251883506774902e-01
1.323139071464538574e-01
1.384228765964508057e-01
1.348253190517425537e-01
1.258543878793716431e-01
1.304779946804046631e-01
1.446959972381591797e-01
1.333499550819396973e-01
1.284630000591278076e-01
1.292326152324676514e-01
9.832380712032318115e-02
1.153939068317413330e-01
1.086575537919998169e-01
9.446468949317932129e-02
9.844766557216644287e-02
9.548777341842651367e-02
1.076999232172966003e-01
9.902215003967285156e-02
9.435491263866424561e-02
9.538003802299499512e-02
1.079824715852737427e-01
1.055231168866157532e-01
9.513857215642929077e-02
9.382969141006469727e-02
9.396454691886901855e-02
1.171370297670364380e-01
1.014627143740653992e-01
9.713936597108840942e-02
9.752028435468673706e-02
9.608899056911468506e-02
1.370952278375625610e-01
1.350333243608474731e-01
1.248301863670349121e-01
1.298224627971649170e-01
1.395942270755767822e-01
1.332896649837493896e-01
1.324611604213714600e-01
1.265411078929901123e-01
1.250178068876266479e-01
1.465246975421905518e-01
1.423592567443847656e-01
1.252337247133255005e-01
1.330814063549041748e-01
1.280361711978912354e-01
1.373886317014694214e-01
1.303409934043884277e-01
1.274852454662322998e-01
1.272215694189071655e-01
1.402095258235931396e-01
1.310683786869049072e-01
9.478454291820526123e-02
9.781275689601898193e-02
9.152127802371978760e-02
1.124704331159591675e-01
1.031512841582298279e-01
9.735839068889617920e-02
9.432297945022583008e-02
9.675350785255432129e-02
1.029465720057487488e-01
9.814012050628662109e-02
9.065198898315429688e-02
9.653170406818389893e-02
1.037179306149482727e-01
9.914134442806243896e-02
9.299903362989425659e-02
9.335026144981384277e-02
9.540538489818572998e-02
1.121091544628143311e-01
1.001103743910789490e-01
9.334013611078262329e-02
1.332755088806152344e-01
1.251394301652908325e-01
1.370268464088439941e-01
1.296851783990859985e-01
1.241586804389953613e-01
1.255411505699157715e-01
1.378282755613327026e-01
1.294276118278503418e-01
1.268907189369201660e-01
1.242898702621459961e-01
1.241551935672760010e-01
1.445168703794479370e-01
1.317972242832183838e-01
1.242216378450393677e-01
1.287599503993988037e-01
1.297695785760879517e-01
1.330373585224151611e-01
1.318788677453994751e-01
1.231914758682250977e-01
1.262386441230773926e-01
1.023702472448348999e-01
9.891693294048309326e-02
9.171558171510696411e-02
9.261684119701385498e-02
8.970803022384643555e-02
1.087512299418449402e-01
1.050393730401992798e-01
9.102125465869903564e-02
9.356589615345001221e-02
9.323333203792572021e-02
1.038740798830986023e-01
9.397311508655548096e-02
9.237989783287048340e-02
9.247908741235733032e-02
1.018090397119522095e-01
9.520813077688217163e-02
9.404005855321884155e-02
9.042035043239593506e-02
9.090037643909454346e-02
1.076462715864181519e-01
1.325142383575439453e-01
1.276955157518386841e-01
1.260876655578613281e-01
1.246826201677322388e-01
1.334618180990219116e-01
1.328651607036590576e-01
1.212471276521682739e-01
1.275114417076110840e-01
1.338224112987518311e-01
1.291003972291946411e-01
1.238220259547233582e-01
1.257191598415374756e-01
1.217759400606155396e-01
1.408670991659164429e-01
1.302355825901031494e-01
1.239420771598815918e-01
1.304670870304107666e-01
1.243761926889419556e-01
1.320989131927490234e-01
1.284568756818771362e-01
9.350833296775817871e-02
9.071949124336242676e-02
1.024895459413528442e-01
9.561274200677871704e-02
9.205318242311477661e-02
9.000904858112335205e-02
9.142827242612838745e-02
1.058503985404968262e-01
9.863264858722686768e-02
9.002268314361572266e-02
9.375219792127609253e-02
9.483937919139862061e-02
9.938476979732513428e-02
9.379379451274871826e-02
9.002868086099624634e-02
9.561335295438766479e-02
9.900192171335220337e-02
9.734260290861129761e-02
9.112273156642913818e-02
9.076915681362152100e-02
1.208398491144180298e-01
1.392462551593780518e-01
1.290555000305175781e-01
1.233080253005027771e-01
1.244796216487884521e-01
1.238819658756256104e-01
1.336248219013214111e-01
1.255224645137786865e-01
1.207517758011817932e-01
1.243185102939605713e-01
1.339451074600219727e-01
1.254949867725372314e-01
1.252059787511825562e-01
1.222002729773521423e-01
1.214802116155624390e-01
1.369847059249877930e-01
1.314429938793182373e-01
1.212727874517440796e-01
1.254485547542572021e-01
1.225186362862586975e-01
9.755549579858779907e-02
9.684143960475921631e-02
8.728677034378051758e-02
8.953719586133956909e-02
9.803886711597442627e-02
9.714613854885101318e-02
8.830757439136505127e-02
9.090385586023330688e-02
8.759899437427520752e-02
1.033849343657493591e-01
9.433691203594207764e-02
9.022828936576843262e-02
9.041468799114227295e-02
9.041558951139450073e-02
9.641011804342269897e-02
9.267640113830566406e-02
9.055513143539428711e-02
8.905068039894104004e-02
9.707330167293548584e-02
9.353847801685333252e-02
1.242718398571014404e-01
1.186871677637100220e-01
1.208339482545852661e-01
1.341172158718109131e-01
1.268482208251953125e-01
1.190301924943923950e-01
1.240511387586593628e-01
1.200626790523529053e-01
1.286926865577697754e-01
1.226300522685050964e-01
1.189067214727401733e-01
1.241031289100646973e-01
1.284206807613372803e-01
1.233378872275352478e-01
1.209310442209243774e-01
1.231178268790245056e-01
1.171906441450119019e-01
1.348805129528045654e-01
1.258438378572463989e-01
1.195800378918647766e-01
8.906442672014236450e-02
8.990223705768585205e-02
9.481040388345718384e-02
9.173414856195449829e-02
8.575913310050964355e-02
8.884574472904205322e-02
9.761653095483779907e-02
9.097626805305480957e-02
8.763360977172851562e-02
8.796195685863494873e-02
8.948361873626708984e-02
1.000241860747337341e-01
9.586539864540100098e-02
8.692814409732818604e-02
8.981198072433471680e-02
8.736811578273773193e-02
9.623769670724868774e-02
8.991409838199615479e-02
8.664580434560775757e-02
8.751223981380462646e-02
1.267566978931427002e-01
1.260487139225006104e-01
1.188123673200607300e-01
1.180373430252075195e-01
1.180059462785720825e-01
1.336828768253326416e-01
1.230712980031967163e-01
1.200680732727050781e-01
1.206227540969848633e-01
1.195081397891044617e-01
1.254525482654571533e-01
1.233928650617599487e-01
1.164499148726463318e-01
1.199274659156799316e-01
1.258367598056793213e-01
1.225505396723747253e-01
1.217759400606155396e-01
1.175001934170722961e-01
1.165633499622344971e-01
1.311049759387969971e-01
9.611192345619201660e-02
8.446442335844039917e-02
9.000871330499649048e-02
8.657245337963104248e-02
9.368313848972320557e-02
8.818533271551132202e-02
8.603063225746154785e-02
8.602727204561233521e-02
9.416335076093673706e-02
8.900810778141021729e-02
8.658145368099212646e-02
8.862060308456420898e-02
8.405482769012451172e-02
9.841509163379669189e-02
9.223461151123046875e-02
8.834087848663330078e-02
8.626030385494232178e-02
8.777356147766113281e-02
9.288305789232254028e-02
8.902423083782196045e-02
1.155160516500473022e-01
1.197349429130554199e-01
1.241583824157714844e-01
1.218565702438354492e-01
1.173597872257232666e-01
1.174646466970443726e-01
1.188734918832778931e-01
1.300474852323532104e-01
1.222620978951454163e-01
1.173630505800247192e-01
1.226899102330207825e-01
1.165857315063476562e-01
1.257252693176269531e-01
1.201265603303909302e-01
1.160956621170043945e-01
1.170570254325866699e-01
1.252569854259490967e-01
1.200949698686599731e-01
1.180434599518775940e-01
1.161584556102752686e-01
8.354772627353668213e-02
9.816733002662658691e-02
8.906152844429016113e-02
8.363352715969085693e-02
8.701605349779129028e-02
8.769811689853668213e-02
9.038086235523223877e-02
8.909467607736587524e-02
8.292640000581741333e-02
8.527414500713348389e-02
9.092016518115997314e-02
8.927420526742935181e-02
8.398389816284179688e-02
8.453778922557830811e-02
8.241870254278182983e-02
9.604394435882568359e-02
9.326786547899246216e-02
8.318729698657989502e-02
8.537366986274719238e-02
8.491303026676177979e-02
1.249752864241600037e-01
1.171840876340866089e-01
1.158853173255920410e-01
1.162053570151329041e-01
1.225123852491378784e-01
1.183177232742309570e-01
1.172162219882011414e-01
1.145677715539932251e-01
1.148068979382514954e-01
1.270348578691482544e-01
1.211172938346862793e-01
1.175481453537940979e-01
1.164673939347267151e-01
1.153244823217391968e-01
1.223256811499595642e-01
1.214429065585136414e-01
1.126545220613479614e-01
1.174332052469253540e-01
1.217737868428230286e-01
1.189828068017959595e-01
8.292008191347122192e-02
8.426170051097869873e-02
8.131815493106842041e-02
9.533671289682388306e-02
8.767244219779968262e-02
8.289983868598937988e-02
8.791347593069076538e-02
8.308654278516769409e-02
8.947790414094924927e-02
8.637551963329315186e-02
8.446441590785980225e-02
8.233419805765151978e-02
9.072023630142211914e-02
8.633837103843688965e-02
8.350838720798492432e-02
8.181343972682952881e-02
8.278600871562957764e-02
9.352485835552215576e-02
8.831402659416198730e-02
8.180612325668334961e-02
1.163476258516311646e-01
1.170005798339843750e-01
1.207166686654090881e-01
1.163120567798614502e-01
1.133176386356353760e-01
1.176985055208206177e-01
1.195983141660690308e-01
1.190382391214370728e-01
1.143224462866783142e-01
1.140185594558715820e-01
1.120742559432983398e-01
1.260193884372711182e-01
1.184168308973312378e-01
1.139634624123573303e-01
1.150749027729034424e-01
1.143978834152221680e-01
1.222883462905883789e-01
1.156911998987197876e-01
1.119813621044158936e-01
1.148194596171379089e-01
8.975016325712203979e-02
8.361773192882537842e-02
8.323891460895538330e-02
8.104830980300903320e-02
8.043140172958374023e-02
9.206626564264297485e-02
8.789598196744918823e-02
8.020778000354766846e-02
8.356650173664093018e-02
8.118005096912384033e-02
8.777451515197753906e-02
8.681304007768630981e-02
7.933284342288970947e-02
8.127726614475250244e-02
8.744035661220550537e-02
8.729147911071777344e-02
8.023606240749359131e-02
8.222784101963043213e-02
7.974445819854736328e-02
9.186094999313354492e-02
1.170792281627655029e-01
1.137769520282745361e-01
1.141644641757011414e-01
1.139355599880218506e-01
1.190551444888114929e-01
1.157895624637603760e-01
1.140364855527877808e-01
1.128731667995452881e-01
1.187915876507759094e-01
1.165957972407341003e-01
1.157705411314964294e-01
1.112553030252456665e-01
1.128694415092468262e-01
1.233430802822113037e-01
1.177996546030044556e-01
1.114877462387084961e-01
1.155740618705749512e-01
1.123327314853668213e-01
1.194606423377990723e-01
1.144540905952453613e-01
7.877652347087860107e-02
8.296117186546325684e-02
8.581160753965377808e-02
8.252473175525665283e-02
8.048240095376968384e-02
8.221343904733657837e-02
7.735350728034973145e-02
9.130109846591949463e-02
8.437050879001617432e-02
7.940052449703216553e-02
8.051842451095581055e-02
8.098380267620086670e-02
8.528096228837966919e-02
8.255040645599365234e-02
7.775590568780899048e-02
8.026710897684097290e-02
8.692423254251480103e-02
8.201619237661361694e-02
7.928852736949920654e-02
7.954727113246917725e-02
1.124194264411926270e-01
1.205422207713127136e-01
1.173767074942588806e-01
1.104082316160202026e-01
1.128923147916793823e-01
1.106420159339904785e-01
1.180558651685714722e-01
1.128019168972969055e-01
1.100497469305992126e-01
1.108800023794174194e-01
1.166280210018157959e-01
1.164345368742942810e-01
1.104841381311416626e-01
1.099242717027664185e-01
1.098251789808273315e-01
1.224898099899291992e-01
1.139084249734878540e-01
1.114027276635169983e-01
1.121563911437988281e-01
1.110891848802566528e-01
8.430261909961700439e-02
8.233900368213653564e-02
7.674437761306762695e-02
7.961283624172210693e-02
8.408401161432266235e-02
8.185271173715591431e-02
8.108431100845336914e-02
7.758354395627975464e-02
7.681584358215332031e-02
8.853621035814285278e-02
8.619160950183868408e-02
7.675254344940185547e-02
8.139598369598388672e-02
7.861439138650894165e-02
8.465510606765747070e-02
7.990963757038116455e-02
7.804691791534423828e-02
7.819195091724395752e-02
8.440028876066207886e-02
8.073061704635620117e-02
1.102784872055053711e-01
1.119066476821899414e-01
1.080474406480789185e-01
1.196861863136291504e-01
1.148353368043899536e-01
1.116335690021514893e-01
1.100197136402130127e-01
1.110863164067268372e-01
1.156765520572662354e-01
1.122997105121612549e-01
1.075902730226516724e-01
1.111174672842025757e-01
1.144739091396331787e-01
1.129849851131439209e-01
1.092292517423629761e-01
1.092796996235847473e-01
1.103222966194152832e-01
1.193097829818725586e-01
1.131937503814697266e-01
1.091069579124450684e-01
8.149503916501998901e-02
7.624351233243942261e-02
8.407632261514663696e-02
7.937760651111602783e-02
7.597938925027847290e-02
7.678121328353881836e-02
8.324340730905532837e-02
7.941781729459762573e-02
7.759981602430343628e-02
7.608613371849060059e-02
7.579457759857177734e-02
8.783102035522460938e-02
8.035939186811447144e-02
7.584775984287261963e-02
7.882790267467498779e-02
7.926158607006072998e-02
8.162567019462585449e-02
8.036257326602935791e-02
7.534307241439819336e-02
7.736379653215408325e-02
1.137310862541198730e-01
1.127436012029647827e-01
1.083384975790977478e-01
1.087633669376373291e-01
1.069544479250907898e-01
1.182149797677993774e-01
1.158816590905189514e-01
1.074765846133232117e-01
1.095302253961563110e-01
1.089944392442703247e-01
1.162482872605323792e-01
1.094770804047584534e-01
1.083062961697578430e-01
1.087823733687400818e-01
1.137616038322448730e-01
1.105495467782020569e-01
1.095032095909118652e-01
1.073562800884246826e-01
1.074351966381072998e-01
1.176619231700897217e-01
8.036440610885620117e-02
7.729625701904296875e-02
7.653486728668212891e-02
7.546661794185638428e-02
8.160933107137680054e-02
8.065387606620788574e-02
7.318350672721862793e-02
7.726845890283584595e-02
8.077970147132873535e-02
7.876675575971603394e-02
7.506395131349563599e-02
7.617449015378952026e-02
7.368457317352294922e-02
8.532802015542984009e-02
7.906767725944519043e-02
7.498871535062789917e-02
7.932867109775543213e-02
7.507645338773727417e-02
8.073040097951889038e-02
7.799630612134933472e-02
1.081612706184387207e-01
1.063583716750144958e-01
1.131671965122222900e-01
1.099113225936889648e-01
1.074243187904357910e-01
1.059311777353286743e-01
1.066439896821975708e-01
1.157048791646957397e-01
1.114184111356735229e-01
1.058681756258010864e-01
1.085030585527420044e-01
1.088734418153762817e-01
1.121776700019836426e-01
1.083615720272064209e-01
1.057677194476127625e-01
1.095614805817604065e-01
1.108259409666061401e-01
1.106745675206184387e-01
1.067304462194442749e-01
1.064694225788116455e-01
0.000000000000000000e+00
0.000000000000000000e+00
0.000000000000000000e+00
0.000000000000000000e+00
0.000000000000000000e+00
0.000000000000000000e+00
0.000000000000000000e+00
0.000000000000000000e+00
0.000000000000000000e+00
0.000000000000000000e+00
0.000000000000000000e+00
0.000000000000000000e+00
0.000000000000000000e+00
0.000000000000000000e+00
0.000000000000000000e+00
0.000000000000000000e+00
0.000000000000000000e+00
0.000000000000000000e+00
0.000000000000000000e+00
0.000000000000000000e+00
0.000000000000000000e+00
0.000000000000000000e+00
0.000000000000000000e+00
0.000000000000000000e+00
0.000000000000000000e+00
0.000000000000000000e+00
0.000000000000000000e+00
0.000000000000000000e+00
0.000000000000000000e+00
0.000000000000000000e+00
0.000000000000000000e+00
0.000000000000000000e+00
0.000000000000000000e+00
0.000000000000000000e+00
0.000000000000000000e+00
0.000000000000000000e+00
0.000000000000000000e+00
0.000000000000000000e+00
0.000000000000000000e+00
0.000000000000000000e+00
0.000000000000000000e+00
0.000000000000000000e+00
0.000000000000000000e+00
0.000000000000000000e+00
0.000000000000000000e+00
0.000000000000000000e+00
0.000000000000000000e+00
0.000000000000000000e+00
0.000000000000000000e+00
0.000000000000000000e+00
0.000000000000000000e+00
0.000000000000000000e+00
0.000000000000000000e+00
0.000000000000000000e+00
0.000000000000000000e+00
0.000000000000000000e+00
0.000000000000000000e+00
0.000000000000000000e+00
0.000000000000000000e+00
0.000000000000000000e+00
0.000000000000000000e+00
0.000000000000000000e+00
0.000000000000000000e+00
0.000000000000000000e+00
0.000000000000000000e+00
0.000000000000000000e+00
0.000000000000000000e+00
0.000000000000000000e+00
0.000000000000000000e+00
0.000000000000000000e+00
0.000000000000000000e+00
0.000000000000000000e+00
0.000000000000000000e+00
0.000000000000000000e+00
0.000000000000000000e+00
0.000000000000000000e+00
0.000000000000000000e+00
0.000000000000000000e+00
0.000000000000000000e+00
0.000000000000000000e+00
0.000000000000000000e+00
0.000000000000000000e+00
0.000000000000000000e+00
0.000000000000000000e+00
0.000000000000000000e+00
0.000000000000000000e+00
0.000000000000000000e+00
0.000000000000000000e+00
0.000000000000000000e+00
0.000000000000000000e+00
0.000000000000000000e+00
0.000000000000000000e+00
0.000000000000000000e+00
0.000000000000000000e+00
0.000000000000000000e+00
0.000000000000000000e+00
0.000000000000000000e+00
0.000000000000000000e+00
0.000000000000000000e+00
0.000000000000000000e+00
0.000000000000000000e+00
0.000000000000000000e+00
0.000000000000000000e+00
0.000000000000000000e+00
0.000000000000000000e+00
0.000000000000000000e+00
0.000000000000000000e+00
0.000000000000000000e+00
0.000000000000000000e+00
0.000000000000000000e+00
0.000000000000000000e+00
0.000000000000000000e+00
0.000000000000000000e+00
0.000000000000000000e+00
0.000000000000000000e+00
0.000000000000000000e+00
0.000000000000000000e+00
0.000000000000000000e+00
0.000000000000000000e+00
0.000000000000000000e+00
0.000000000000000000e+00
0.000000000000000000e+00
0.000000000000000000e+00
0.000000000000000000e+00
0.000000000000000000e+00
0.000000000000000000e+00
0.000000000000000000e+00
0.000000000000000000e+00
0.000000000000000000e+00
0.000000000000000000e+00
0.000000000000000000e+00
0.000000000000000000e+00
0.000000000000000000e+00
0.000000000000000000e+00
0.000000000000000000e+00
0.000000000000000000e+00
0.000000000000000000e+00
0.000000000000000000e+00
0.000000000000000000e+00
0.000000000000000000e+00
0.000000000000000000e+00
0.000000000000000000e+00
0.000000000000000000e+00
0.000000000000000000e+00
0.000000000000000000e+00
0.000000000000000000e+00
0.000000000000000000e+00
0.000000000000000000e+00
0.000000000000000000e+00
0.000000000000000000e+00
0.000000000000000000e+00
0.000000000000000000e+00
0.000000000000000000e+00
0.000000000000000000e+00
0.000000000000000000e+00
0.000000000000000000e+00
0.000000000000000000e+00
0.000000000000000000e+00
0.000000000000000000e+00
0.000000000000000000e+00
0.000000000000000000e+00
0.000000000000000000e+00
0.000000000000000000e+00
0.000000000000000000e+00
0.000000000000000000e+00
0.000000000000000000e+00
0.000000000000000000e+00
0.000000000000000000e+00
0.000000000000000000e+00
0.000000000000000000e+00
0.000000000000000000e+00
0.000000000000000000e+00
0.000000000000000000e+00
0.000000000000000000e+00
0.000000000000000000e+00
0.000000000000000000e+00
0.000000000000000000e+00
0.000000000000000000e+00
0.000000000000000000e+00
0.000000000000000000e+00
0.000000000000000000e+00
0.000000000000000000e+00
0.000000000000000000e+00
0.000000000000000000e+00
0.000000000000000000e+00
0.000000000000000000e+00
0.000000000000000000e+00
0.000000000000000000e+00
0.000000000000000000e+00
0.000000000000000000e+00
0.000000000000000000e+00
0.000000000000000000e+00
0.000000000000000000e+00
0.000000000000000000e+00
0.000000000000000000e+00
0.000000000000000000e+00
0.000000000000000000e+00
0.000000000000000000e+00
0.000000000000000000e+00
0.000000000000000000e+00
0.000000000000000000e+00
0.000000000000000000e+00
0.000000000000000000e+00
0.000000000000000000e+00
0.000000000000000000e+00
0.000000000000000000e+00
0.000000000000000000e+00
0.000000000000000000e+00
0.000000000000000000e+00
0.000000000000000000e+00
0.000000000000000000e+00
0.000000000000000000e+00
0.000000000000000000e+00
0.000000000000000000e+00
0.000000000000000000e+00
0.000000000000000000e+00
0.000000000000000000e+00
0.000000000000000000e+00
0.000000000000000000e+00
0.000000000000000000e+00
0.000000000000000000e+00
0.000000000000000000e+00
0.000000000000000000e+00
0.000000000000000000e+00
0.000000000000000000e+00
0.000000000000000000e+00
0.000000000000000000e+00
0.000000000000000000e+00
0.000000000000000000e+00
0.000000000000000000e+00
0.000000000000000000e+00
0.000000000000000000e+00
0.000000000000000000e+00
0.000000000000000000e+00
0.000000000000000000e+00
0.000000000000000000e+00
0.000000000000000000e+00
0.000000000000000000e+00
0.000000000000000000e+00
0.000000000000000000e+00
0.000000000000000000e+00
0.000000000000000000e+00
0.000000000000000000e+00
0.000000000000000000e+00
0.000000000000000000e+00
0.000000000000000000e+00
0.000000000000000000e+00
0.000000000000000000e+00
0.000000000000000000e+00
0.000000000000000000e+00
0.000000000000000000e+00
0.000000000000000000e+00
0.000000000000000000e+00
0.000000000000000000e+00
0.000000000000000000e+00
0.000000000000000000e+00
0.000000000000000000e+00
0.000000000000000000e+00
0.000000000000000000e+00
0.000000000000000000e+00
0.000000000000000000e+00
0.000000000000000000e+00
0.000000000000000000e+00
0.000000000000000000e+00
0.000000000000000000e+00
0.000000000000000000e+00
0.000000000000000000e+00
0.000000000000000000e+00
0.000000000000000000e+00
0.000000000000000000e+00
0.000000000000000000e+00
0.000000000000000000e+00
0.000000000000000000e+00
0.000000000000000000e+00
0.000000000000000000e+00
0.000000000000000000e+00
0.000000000000000000e+00
0.000000000000000000e+00
0.000000000000000000e+00
0.000000000000000000e+00
0.000000000000000000e+00
0.000000000000000000e+00
0.000000000000000000e+00
0.000000000000000000e+00
0.000000000000000000e+00
0.000000000000000000e+00
0.000000000000000000e+00
0.000000000000000000e+00
0.000000000000000000e+00
0.000000000000000000e+00
0.000000000000000000e+00
0.000000000000000000e+00
0.000000000000000000e+00
0.000000000000000000e+00
0.000000000000000000e+00
0.000000000000000000e+00
0.000000000000000000e+00
0.000000000000000000e+00
0.000000000000000000e+00
0.000000000000000000e+00
0.000000000000000000e+00
0.000000000000000000e+00
0.000000000000000000e+00
0.000000000000000000e+00
0.000000000000000000e+00
0.000000000000000000e+00
0.000000000000000000e+00
0.000000000000000000e+00
0.000000000000000000e+00
0.000000000000000000e+00
0.000000000000000000e+00
0.000000000000000000e+00
0.000000000000000000e+00
0.000000000000000000e+00
0.000000000000000000e+00
0.000000000000000000e+00
0.000000000000000000e+00
0.000000000000000000e+00
0.000000000000000000e+00
0.000000000000000000e+00
0.000000000000000000e+00
0.000000000000000000e+00
0.000000000000000000e+00
0.000000000000000000e+00
0.000000000000000000e+00
0.000000000000000000e+00
0.000000000000000000e+00
0.000000000000000000e+00
0.000000000000000000e+00
0.000000000000000000e+00
0.000000000000000000e+00
0.000000000000000000e+00
0.000000000000000000e+00
0.000000000000000000e+00
0.000000000000000000e+00
0.000000000000000000e+00
0.000000000000000000e+00
0.000000000000000000e+00
0.000000000000000000e+00
0.000000000000000000e+00
0.000000000000000000e+00
0.000000000000000000e+00
0.000000000000000000e+00
0.000000000000000000e+00
0.000000000000000000e+00
0.000000000000000000e+00
0.000000000000000000e+00
0.000000000000000000e+00
0.000000000000000000e+00
0.000000000000000000e+00
0.000000000000000000e+00
0.000000000000000000e+00
0.000000000000000000e+00
0.000000000000000000e+00
0.000000000000000000e+00
0.000000000000000000e+00
0.000000000000000000e+00
0.000000000000000000e+00
0.000000000000000000e+00
0.000000000000000000e+00
0.000000000000000000e+00
0.000000000000000000e+00
0.000000000000000000e+00
0.000000000000000000e+00
0.000000000000000000e+00
0.000000000000000000e+00
0.000000000000000000e+00
0.000000000000000000e+00
0.000000000000000000e+00
0.000000000000000000e+00
0.000000000000000000e+00
0.000000000000000000e+00
0.000000000000000000e+00
0.000000000000000000e+00
0.000000000000000000e+00
0.000000000000000000e+00
0.000000000000000000e+00
0.000000000000000000e+00
0.000000000000000000e+00
0.000000000000000000e+00
0.000000000000000000e+00
0.000000000000000000e+00
0.000000000000000000e+00
0.000000000000000000e+00
0.000000000000000000e+00
0.000000000000000000e+00
0.000000000000000000e+00
0.000000000000000000e+00
0.000000000000000000e+00
0.000000000000000000e+00
0.000000000000000000e+00
0.000000000000000000e+00
0.000000000000000000e+00
0.000000000000000000e+00
0.000000000000000000e+00
0.000000000000000000e+00
0.000000000000000000e+00
0.000000000000000000e+00
0.000000000000000000e+00
0.000000000000000000e+00
0.000000000000000000e+00
0.000000000000000000e+00
0.000000000000000000e+00
0.000000000000000000e+00
0.000000000000000000e+00
0.000000000000000000e+00
0.000000000000000000e+00
0.000000000000000000e+00
0.000000000000000000e+00
0.000000000000000000e+00
0.000000000000000000e+00
0.000000000000000000e+00
0.000000000000000000e+00
0.000000000000000000e+00
0.000000000000000000e+00
0.000000000000000000e+00
0.000000000000000000e+00
0.000000000000000000e+00
0.000000000000000000e+00
0.000000000000000000e+00
0.000000000000000000e+00
0.000000000000000000e+00
0.000000000000000000e+00
0.000000000000000000e+00
0.000000000000000000e+00
0.000000000000000000e+00
0.000000000000000000e+00
0.000000000000000000e+00
0.000000000000000000e+00
0.000000000000000000e+00
0.000000000000000000e+00
0.000000000000000000e+00
0.000000000000000000e+00
0.000000000000000000e+00
0.000000000000000000e+00
0.000000000000000000e+00
0.000000000000000000e+00
0.000000000000000000e+00
0.000000000000000000e+00
0.000000000000000000e+00
0.000000000000000000e+00
0.000000000000000000e+00
0.000000000000000000e+00
0.000000000000000000e+00
0.000000000000000000e+00
0.000000000000000000e+00
0.000000000000000000e+00
0.000000000000000000e+00
0.000000000000000000e+00
0.000000000000000000e+00
0.000000000000000000e+00
0.000000000000000000e+00
0.000000000000000000e+00
0.000000000000000000e+00
0.000000000000000000e+00
0.000000000000000000e+00
0.000000000000000000e+00
0.000000000000000000e+00
0.000000000000000000e+00
0.000000000000000000e+00
0.000000000000000000e+00
0.000000000000000000e+00
0.000000000000000000e+00
0.000000000000000000e+00
0.000000000000000000e+00
0.000000000000000000e+00
0.000000000000000000e+00
0.000000000000000000e+00
0.000000000000000000e+00
0.000000000000000000e+00
0.000000000000000000e+00
0.000000000000000000e+00
0.000000000000000000e+00
0.000000000000000000e+00
0.000000000000000000e+00
0.000000000000000000e+00
0.000000000000000000e+00
0.000000000000000000e+00
0.000000000000000000e+00
0.000000000000000000e+00
0.000000000000000000e+00
0.000000000000000000e+00
0.000000000000000000e+00
0.000000000000000000e+00
0.000000000000000000e+00
0.000000000000000000e+00
0.000000000000000000e+00
0.000000000000000000e+00
0.000000000000000000e+00
0.000000000000000000e+00
0.000000000000000000e+00
0.000000000000000000e+00
0.000000000000000000e+00
0.000000000000000000e+00
0.000000000000000000e+00
0.000000000000000000e+00
0.000000000000000000e+00
0.000000000000000000e+00
0.000000000000000000e+00
0.000000000000000000e+00
0.000000000000000000e+00
0.000000000000000000e+00
0.000000000000000000e+00
0.000000000000000000e+00
0.000000000000000000e+00
0.000000000000000000e+00
0.000000000000000000e+00
0.000000000000000000e+00
0.000000000000000000e+00
0.000000000000000000e+00
0.000000000000000000e+00
0.000000000000000000e+00
0.000000000000000000e+00
0.000000000000000000e+00
0.000000000000000000e+00
0.000000000000000000e+00
0.000000000000000000e+00
0.000000000000000000e+00
0.000000000000000000e+00
0.000000000000000000e+00
0.000000000000000000e+00
0.000000000000000000e+00
0.000000000000000000e+00
0.000000000000000000e+00
0.000000000000000000e+00
0.000000000000000000e+00
0.000000000000000000e+00
0.000000000000000000e+00
0.000000000000000000e+00
0.000000000000000000e+00
0.000000000000000000e+00
0.000000000000000000e+00
0.000000000000000000e+00
0.000000000000000000e+00
0.000000000000000000e+00
0.000000000000000000e+00
0.000000000000000000e+00
0.000000000000000000e+00
0.000000000000000000e+00
0.000000000000000000e+00
0.000000000000000000e+00
0.000000000000000000e+00
0.000000000000000000e+00
0.000000000000000000e+00
0.000000000000000000e+00
0.000000000000000000e+00
0.000000000000000000e+00
0.000000000000000000e+00
0.000000000000000000e+00
0.000000000000000000e+00
0.000000000000000000e+00
0.000000000000000000e+00
0.000000000000000000e+00
0.000000000000000000e+00
0.000000000000000000e+00
0.000000000000000000e+00
0.000000000000000000e+00
0.000000000000000000e+00
0.000000000000000000e+00
0.000000000000000000e+00
0.000000000000000000e+00
0.000000000000000000e+00
0.000000000000000000e+00
0.000000000000000000e+00
0.000000000000000000e+00
0.000000000000000000e+00
0.000000000000000000e+00
0.000000000000000000e+00
0.000000000000000000e+00
0.000000000000000000e+00
0.000000000000000000e+00
0.000000000000000000e+00
0.000000000000000000e+00
0.000000000000000000e+00
0.000000000000000000e+00
0.000000000000000000e+00
0.000000000000000000e+00
0.000000000000000000e+00
0.000000000000000000e+00
0.000000000000000000e+00
0.000000000000000000e+00
0.000000000000000000e+00
0.000000000000000000e+00
0.000000000000000000e+00
0.000000000000000000e+00
0.000000000000000000e+00
0.000000000000000000e+00
0.000000000000000000e+00
0.000000000000000000e+00
0.000000000000000000e+00
0.000000000000000000e+00
0.000000000000000000e+00
0.000000000000000000e+00
0.000000000000000000e+00
0.000000000000000000e+00
0.000000000000000000e+00
0.000000000000000000e+00
0.000000000000000000e+00
0.000000000000000000e+00
0.000000000000000000e+00
0.000000000000000000e+00
0.000000000000000000e+00
0.000000000000000000e+00
0.000000000000000000e+00
0.000000000000000000e+00
0.000000000000000000e+00
0.000000000000000000e+00
0.000000000000000000e+00
0.000000000000000000e+00
0.000000000000000000e+00
0.000000000000000000e+00
0.000000000000000000e+00
0.000000000000000000e+00
0.000000000000000000e+00
0.000000000000000000e+00
0.000000000000000000e+00
0.000000000000000000e+00
0.000000000000000000e+00
0.000000000000000000e+00
0.000000000000000000e+00
0.000000000000000000e+00
0.000000000000000000e+00
0.000000000000000000e+00
0.000000000000000000e+00
0.000000000000000000e+00
0.000000000000000000e+00
0.000000000000000000e+00
0.000000000000000000e+00
0.000000000000000000e+00
0.000000000000000000e+00
0.000000000000000000e+00
0.000000000000000000e+00
0.000000000000000000e+00
0.000000000000000000e+00
0.000000000000000000e+00
0.000000000000000000e+00
0.000000000000000000e+00
0.000000000000000000e+00
0.000000000000000000e+00
0.000000000000000000e+00
0.000000000000000000e+00
0.000000000000000000e+00
0.000000000000000000e+00
0.000000000000000000e+00
0.000000000000000000e+00
0.000000000000000000e+00
0.000000000000000000e+00
0.000000000000000000e+00
0.000000000000000000e+00
0.000000000000000000e+00
0.000000000000000000e+00
0.000000000000000000e+00
0.000000000000000000e+00
0.000000000000000000e+00
0.000000000000000000e+00
0.000000000000000000e+00
0.000000000000000000e+00
0.000000000000000000e+00
0.000000000000000000e+00
0.000000000000000000e+00
0.000000000000000000e+00
0.000000000000000000e+00
0.000000000000000000e+00
0.000000000000000000e+00
0.000000000000000000e+00
0.000000000000000000e+00
0.000000000000000000e+00
0.000000000000000000e+00
0.000000000000000000e+00
0.000000000000000000e+00
0.000000000000000000e+00
0.000000000000000000e+00
0.000000000000000000e+00
0.000000000000000000e+00
0.000000000000000000e+00
0.000000000000000000e+00
0.000000000000000000e+00
0.000000000000000000e+00
0.000000000000000000e+00
0.000000000000000000e+00
0.000000000000000000e+00
0.000000000000000000e+00
0.000000000000000000e+00
0.000000000000000000e+00
0.000000000000000000e+00
0.000000000000000000e+00
0.000000000000000000e+00
0.000000000000000000e+00
0.000000000000000000e+00
0.000000000000000000e+00
0.000000000000000000e+00
0.000000000000000000e+00
0.000000000000000000e+00
0.000000000000000000e+00
0.000000000000000000e+00
0.000000000000000000e+00
0.000000000000000000e+00
0.000000000000000000e+00
0.000000000000000000e+00
0.000000000000000000e+00
0.000000000000000000e+00
0.000000000000000000e+00
0.000000000000000000e+00
0.000000000000000000e+00
0.000000000000000000e+00
0.000000000000000000e+00
0.000000000000000000e+00
0.000000000000000000e+00
0.000000000000000000e+00
0.000000000000000000e+00
0.000000000000000000e+00
0.000000000000000000e+00
0.000000000000000000e+00
0.000000000000000000e+00
0.000000000000000000e+00
0.000000000000000000e+00
0.000000000000000000e+00
0.000000000000000000e+00
0.000000000000000000e+00
0.000000000000000000e+00
0.000000000000000000e+00
0.000000000000000000e+00
0.000000000000000000e+00
0.000000000000000000e+00
0.000000000000000000e+00
0.000000000000000000e+00
0.000000000000000000e+00
0.000000000000000000e+00
0.000000000000000000e+00
0.000000000000000000e+00
0.000000000000000000e+00
0.000000000000000000e+00
0.000000000000000000e+00
0.000000000000000000e+00
0.000000000000000000e+00
0.000000000000000000e+00
0.000000000000000000e+00
0.000000000000000000e+00
0.000000000000000000e+00
0.000000000000000000e+00
0.000000000000000000e+00
0.000000000000000000e+00
0.000000000000000000e+00
0.000000000000000000e+00
0.000000000000000000e+00
0.000000000000000000e+00
0.000000000000000000e+00
0.000000000000000000e+00
0.000000000000000000e+00
0.000000000000000000e+00
0.000000000000000000e+00
0.000000000000000000e+00
0.000000000000000000e+00
0.000000000000000000e+00
0.000000000000000000e+00
0.000000000000000000e+00
0.000000000000000000e+00
0.000000000000000000e+00
0.000000000000000000e+00
0.000000000000000000e+00
0.000000000000000000e+00
0.000000000000000000e+00
0.000000000000000000e+00
0.000000000000000000e+00
0.000000000000000000e+00
0.000000000000000000e+00
0.000000000000000000e+00
0.000000000000000000e+00
0.000000000000000000e+00
0.000000000000000000e+00
0.000000000000000000e+00
0.000000000000000000e+00
0.000000000000000000e+00
0.000000000000000000e+00
0.000000000000000000e+00
0.000000000000000000e+00
0.000000000000000000e+00
0.000000000000000000e+00
0.000000000000000000e+00
0.000000000000000000e+00
0.000000000000000000e+00
0.000000000000000000e+00
0.000000000000000000e+00
0.000000000000000000e+00
0.000000000000000000e+00
0.000000000000000000e+00
0.000000000000000000e+00
0.000000000000000000e+00
0.000000000000000000e+00
0.000000000000000000e+00
0.000000000000000000e+00
0.000000000000000000e+00
0.000000000000000000e+00
0.000000000000000000e+00
0.000000000000000000e+00
0.000000000000000000e+00
0.000000000000000000e+00
0.000000000000000000e+00
0.000000000000000000e+00
0.000000000000000000e+00
0.000000000000000000e+00
0.000000000000000000e+00
0.000000000000000000e+00
0.000000000000000000e+00
0.000000000000000000e+00
0.000000000000000000e+00
0.000000000000000000e+00
0.000000000000000000e+00
0.000000000000000000e+00
0.000000000000000000e+00
0.000000000000000000e+00
0.000000000000000000e+00
0.000000000000000000e+00
0.000000000000000000e+00
0.000000000000000000e+00
0.000000000000000000e+00
0.000000000000000000e+00
0.000000000000000000e+00
0.000000000000000000e+00
0.000000000000000000e+00
0.000000000000000000e+00
0.000000000000000000e+00
0.000000000000000000e+00
0.000000000000000000e+00
0.000000000000000000e+00
0.000000000000000000e+00
0.000000000000000000e+00
0.000000000000000000e+00
0.000000000000000000e+00
0.000000000000000000e+00
0.000000000000000000e+00
0.000000000000000000e+00
0.000000000000000000e+00
0.000000000000000000e+00
0.000000000000000000e+00
0.000000000000000000e+00
0.000000000000000000e+00
0.000000000000000000e+00
0.000000000000000000e+00
0.000000000000000000e+00
0.000000000000000000e+00
0.000000000000000000e+00
0.000000000000000000e+00
0.000000000000000000e+00
0.000000000000000000e+00
0.000000000000000000e+00
0.000000000000000000e+00
0.000000000000000000e+00
0.000000000000000000e+00
0.000000000000000000e+00
0.000000000000000000e+00
0.000000000000000000e+00
0.000000000000000000e+00
0.000000000000000000e+00
0.000000000000000000e+00
0.000000000000000000e+00
0.000000000000000000e+00
0.000000000000000000e+00
0.000000000000000000e+00
0.000000000000000000e+00
0.000000000000000000e+00
0.000000000000000000e+00
0.000000000000000000e+00
0.000000000000000000e+00
0.000000000000000000e+00
0.000000000000000000e+00
0.000000000000000000e+00
0.000000000000000000e+00
0.000000000000000000e+00
0.000000000000000000e+00
0.000000000000000000e+00
0.000000000000000000e+00
0.000000000000000000e+00
0.000000000000000000e+00
0.000000000000000000e+00
0.000000000000000000e+00
0.000000000000000000e+00
0.000000000000000000e+00
0.000000000000000000e+00
0.000000000000000000e+00
0.000000000000000000e+00
0.000000000000000000e+00
0.000000000000000000e+00
0.000000000000000000e+00
0.000000000000000000e+00
0.000000000000000000e+00
0.000000000000000000e+00
0.000000000000000000e+00
0.000000000000000000e+00
0.000000000000000000e+00
0.000000000000000000e+00
0.000000000000000000e+00
0.000000000000000000e+00
0.000000000000000000e+00
0.000000000000000000e+00
0.000000000000000000e+00
0.000000000000000000e+00
0.000000000000000000e+00
0.000000000000000000e+00
0.000000000000000000e+00
0.000000000000000000e+00
0.000000000000000000e+00
0.000000000000000000e+00
0.000000000000000000e+00
0.000000000000000000e+00
0.000000000000000000e+00
0.000000000000000000e+00
0.000000000000000000e+00
0.000000000000000000e+00
0.000000000000000000e+00
0.000000000000000000e+00
0.000000000000000000e+00
0.000000000000000000e+00
0.000000000000000000e+00
0.000000000000000000e+00
0.000000000000000000e+00
0.000000000000000000e+00
0.000000000000000000e+00
0.000000000000000000e+00
0.000000000000000000e+00
0.000000000000000000e+00
0.000000000000000000e+00
0.000000000000000000e+00
0.000000000000000000e+00
0.000000000000000000e+00
0.000000000000000000e+00
0.000000000000000000e+00
0.000000000000000000e+00
0.000000000000000000e+00
0.000000000000000000e+00
0.000000000000000000e+00
0.000000000000000000e+00
0.000000000000000000e+00
0.000000000000000000e+00
0.000000000000000000e+00
0.000000000000000000e+00
0.000000000000000000e+00
0.000000000000000000e+00
0.000000000000000000e+00
0.000000000000000000e+00
0.000000000000000000e+00
0.000000000000000000e+00
0.000000000000000000e+00
0.000000000000000000e+00
0.000000000000000000e+00
0.000000000000000000e+00
0.000000000000000000e+00
0.000000000000000000e+00
0.000000000000000000e+00
0.000000000000000000e+00
0.000000000000000000e+00
0.000000000000000000e+00
0.000000000000000000e+00
0.000000000000000000e+00
0.000000000000000000e+00
0.000000000000000000e+00
0.000000000000000000e+00
0.000000000000000000e+00
0.000000000000000000e+00
0.000000000000000000e+00
0.000000000000000000e+00
0.000000000000000000e+00
0.000000000000000000e+00
0.000000000000000000e+00
0.000000000000000000e+00
0.000000000000000000e+00
0.000000000000000000e+00
0.000000000000000000e+00
0.000000000000000000e+00
0.000000000000000000e+00
0.000000000000000000e+00
0.000000000000000000e+00
0.000000000000000000e+00
0.000000000000000000e+00
0.000000000000000000e+00
0.000000000000000000e+00
0.000000000000000000e+00
0.000000000000000000e+00
0.000000000000000000e+00
0.000000000000000000e+00
0.000000000000000000e+00
0.000000000000000000e+00
0.000000000000000000e+00
0.000000000000000000e+00
0.000000000000000000e+00
0.000000000000000000e+00
0.000000000000000000e+00
0.000000000000000000e+00
0.000000000000000000e+00
0.000000000000000000e+00
0.000000000000000000e+00
0.000000000000000000e+00
0.000000000000000000e+00
0.000000000000000000e+00
0.000000000000000000e+00
0.000000000000000000e+00
0.000000000000000000e+00
0.000000000000000000e+00
0.000000000000000000e+00
