9.799999999999999822e-01
1.138360023498535156e+00
1.127563476562500000e+00
1.179670691490173340e+00
1.117135405540466309e+00
1.107778429985046387e+00
1.148922681808471680e+00
1.101477622985839844e+00
1.044456124305725098e+00
1.060036778450012207e+00
1.145328879356384277e+00
1.032851934432983398e+00
9.765325188636779785e-01
9.958543777465820312e-01
1.125700235366821289e+00
9.451107978820800781e-01
8.878006935119628906e-01
8.706108331680297852e-01
1.061698079109191895e+00
8.240882754325866699e-01
7.354997396469116211e-01
7.221647500991821289e-01
1.015343785285949707e+00
6.416438817977905273e-01
5.724132061004638672e-01
5.468717813491821289e-01
9.049150943756103516e-01
6.451898813247680664e-01
4.587899446487426758e-01
4.389938712120056152e-01
8.048197627067565918e-01
3.961278200149536133e-01
5.144774317741394043e-01
3.170234560966491699e-01
6.372498869895935059e-01
3.726554214954376221e-01
2.846210598945617676e-01
2.283966988325119019e-01
4.816913604736328125e-01
2.304906547069549561e-01
3.107204139232635498e-01
2.326416671276092529e-01
4.328632056713104248e-01
2.356526851654052734e-01
1.738766133785247803e-01
1.498425304889678955e-01
3.492488563060760498e-01
2.276785075664520264e-01
2.107805609703063965e-01
1.474286019802093506e-01
3.209753334522247314e-01
2.700288295745849609e-01
1.773702055215835571e-01
1.215323433279991150e-01
3.274775445461273193e-01
1.770213544368743896e-01
1.744810491800308228e-01
1.073803007602691650e-01
1.923030316829681396e-01
1.130996644496917725e-01
9.974292665719985962e-02
1.065742075443267822e-01
2.109364271163940430e-01
1.768856942653656006e-01
9.792938828468322754e-02
9.475655853748321533e-02
1.613087952136993408e-01
1.274438351392745972e-01
1.313343793153762817e-01
9.480287134647369385e-02
2.036421597003936768e-01
1.953472495079040527e-01
9.726423025131225586e-02
8.647379279136657715e-02
1.677132844924926758e-01
9.756851196289062500e-02
1.423839926719665527e-01
8.317133784294128418e-02
1.714374572038650513e-01
9.800138324499130249e-02
8.107717335224151611e-02
1.550913751125335693e-01
2.120339423418045044e-01
1.772679090499877930e-01
1.679038107395172119e-01
1.459668874740600586e-01
1.914782673120498657e-01
2.199276536703109741e-01
1.574324369430541992e-01
1.481543630361557007e-01
2.292896807193756104e-01
1.978593170642852783e-01
1.655813157558441162e-01
1.425942927598953247e-01
1.819313615560531616e-01
1.581621021032333374e-01
1.545753479003906250e-01
1.419680714607238770e-01
1.969848871231079102e-01
1.722047775983810425e-01
1.428537964820861816e-01
6.575080752372741699e-02
9.607329964637756348e-02
7.750215381383895874e-02
7.380808144807815552e-02
6.450609862804412842e-02
9.702862054109573364e-02
1.033790409564971924e-01
6.536707282066345215e-02
6.298934668302536011e-02
1.010529920458793640e-01
8.326601237058639526e-02
7.682379335165023804e-02
6.113484501838684082e-02
1.011519134044647217e-01
7.402490824460983276e-02
6.645685434341430664e-02
6.162136048078536987e-02
9.636943787336349487e-02
7.433190941810607910e-02
6.516490131616592407e-02
1.495626568794250488e-01
1.748707592487335205e-01
1.714005768299102783e-01
1.533288508653640747e-01
1.492863893508911133e-01
1.783840209245681763e-01
1.699940711259841919e-01
1.526488214731216431e-01
1.479947865009307861e-01
1.731650829315185547e-01
1.638790965080261230e-01
1.521148383617401123e-01
1.472910642623901367e-01
1.767955869436264038e-01
1.613379716873168945e-01
1.510522812604904175e-01
1.473272442817687988e-01
1.694474369287490845e-01
1.556954234838485718e-01
1.492881476879119873e-01
7.941397279500961304e-02
9.885045140981674194e-02
9.443081915378570557e-02
7.939983159303665161e-02
7.831171154975891113e-02
9.770622849464416504e-02
9.082441031932830811e-02
8.242954313755035400e-02
7.782885432243347168e-02
1.015795767307281494e-01
8.913536369800567627e-02
7.995779812335968018e-02
7.773821800947189331e-02
9.959246218204498291e-02
8.644939213991165161e-02
8.048532903194427490e-02
7.726114988327026367e-02
9.597110748291015625e-02
8.845361322164535522e-02
7.869887351989746094e-02
1.457103937864303589e-01
1.635732203722000122e-01
1.561165750026702881e-01
1.465371996164321899e-01
1.447251588106155396e-01
1.604962050914764404e-01
1.547389775514602661e-01
1.458694636821746826e-01
1.443843692541122437e-01
1.635887920856475830e-01
1.547480672597885132e-01
1.459115445613861084e-01
1.441666036844253540e-01
1.604562103748321533e-01
1.506804823875427246e-01
1.456291079521179199e-01
1.442380547523498535e-01
1.592078506946563721e-01
1.531899273395538330e-01
1.441727578639984131e-01
8.282364904880523682e-02
9.683948755264282227e-02
9.035865962505340576e-02
8.405762165784835815e-02
8.237636089324951172e-02
9.731745719909667969e-02
9.016530960798263550e-02
8.295604586601257324e-02
8.230830729007720947e-02
9.776746481657028198e-02
8.972900360822677612e-02
8.347378671169281006e-02
8.196429908275604248e-02
9.622223675251007080e-02
8.927159011363983154e-02
8.308722078800201416e-02
8.219513297080993652e-02
9.596313536167144775e-02
8.896499872207641602e-02
8.229970186948776245e-02
1.646465659141540527e-01
1.766001880168914795e-01
1.708787381649017334e-01
1.646927148103713989e-01
1.641691476106643677e-01
1.774503886699676514e-01
1.713000535964965820e-01
1.643989682197570801e-01
1.639489233493804932e-01
1.768024116754531860e-01
1.696797907352447510e-01
1.644376963376998901e-01
1.638062149286270142e-01
1.757559627294540405e-01
1.698921769857406616e-01
1.638200283050537109e-01
1.635508686304092407e-01
1.751909852027893066e-01
1.687460541725158691e-01
1.636033803224563599e-01
8.030178397893905640e-02
9.180746972560882568e-02
8.553657680749893188e-02
8.015899360179901123e-02
8.006668090820312500e-02
9.153562039136886597e-02
8.574742078781127930e-02
8.037236332893371582e-02
7.987909764051437378e-02
9.158746153116226196e-02
8.583721518516540527e-02
8.033349364995956421e-02
7.996926456689834595e-02
9.116485714912414551e-02
8.491590619087219238e-02
8.007725328207015991e-02
7.977300882339477539e-02
8.982034772634506226e-02
8.449794352054595947e-02
7.953219115734100342e-02
1.680038124322891235e-01
1.785092949867248535e-01
1.730462759733200073e-01
1.676953732967376709e-01
1.676384806632995605e-01
1.777054667472839355e-01
1.722561568021774292e-01
1.675728410482406616e-01
1.674633771181106567e-01
1.775230616331100464e-01
1.726201623678207397e-01
1.672263443470001221e-01
1.671689152717590332e-01
1.769137233495712280e-01
1.712869852781295776e-01
1.670792996883392334e-01
1.668742895126342773e-01
1.766922175884246826e-01
1.708850860595703125e-01
1.663466691970825195e-01
8.758547902107238770e-02
9.706441313028335571e-02
9.185142815113067627e-02
8.738568425178527832e-02
8.733763545751571655e-02
9.683423489332199097e-02
9.216326475143432617e-02
8.733352273702621460e-02
8.738197386264801025e-02
9.690020978450775146e-02
9.176050126552581787e-02
8.722688257694244385e-02
8.719654381275177002e-02
9.596934914588928223e-02
9.109514951705932617e-02
8.695325255393981934e-02
8.707497268915176392e-02
9.625798463821411133e-02
9.113512188196182251e-02
8.667577058076858521e-02
1.654872000217437744e-01
1.739975363016128540e-01
1.691068112850189209e-01
1.650446653366088867e-01
1.651859581470489502e-01
1.736370623111724854e-01
1.694877445697784424e-01
1.647180914878845215e-01
1.649208664894104004e-01
1.735289394855499268e-01
1.686434596776962280e-01
1.646120250225067139e-01
1.646077930927276611e-01
1.732371598482131958e-01
1.679358780384063721e-01
1.640729308128356934e-01
1.643509566783905029e-01
1.728316247463226318e-01
1.677436977624893188e-01
1.637692600488662720e-01
8.708263933658599854e-02
9.529744088649749756e-02
9.090747684240341187e-02
8.676333725452423096e-02
8.701559901237487793e-02
9.518784284591674805e-02
9.076493978500366211e-02
8.663372695446014404e-02
8.686757087707519531e-02
9.490342438220977783e-02
9.039743989706039429e-02
8.650126308202743530e-02
8.674059063196182251e-02
9.496695548295974731e-02
9.007176011800765991e-02
8.633688837289810181e-02
8.666388690471649170e-02
9.440467506647109985e-02
8.973191678524017334e-02
8.615797758102416992e-02
1.687295138835906982e-01
1.761180162429809570e-01
1.721742153167724609e-01
1.680424958467483521e-01
1.683766841888427734e-01
1.758197247982025146e-01
1.716218590736389160e-01
1.678929030895233154e-01
1.680780947208404541e-01
1.758520901203155518e-01
1.711180657148361206e-01
1.674421280622482300e-01
1.677696555852890015e-01
1.754422187805175781e-01
1.706383377313613892e-01
1.671742796897888184e-01
1.674403101205825806e-01
1.749027818441390991e-01
1.705786734819412231e-01
1.668151021003723145e-01
8.488884568214416504e-02
9.216873347759246826e-02
8.807647228240966797e-02
8.435595035552978516e-02
8.469998836517333984e-02
9.184257686138153076e-02
8.786210417747497559e-02
8.421501517295837402e-02
8.459024131298065186e-02
9.212660789489746094e-02
8.767835795879364014e-02
8.411924540996551514e-02
8.449654281139373779e-02
9.165211021900177002e-02
8.719722181558609009e-02
8.400268852710723877e-02
8.444470912218093872e-02
9.134712815284729004e-02
8.749333024024963379e-02
8.383794128894805908e-02
1.674552857875823975e-01
1.741728037595748901e-01
1.702286750078201294e-01
1.668191850185394287e-01
1.671055853366851807e-01
1.740140616893768311e-01
1.698720753192901611e-01
1.663940399885177612e-01
1.668019443750381470e-01
1.738494783639907837e-01
1.695108860731124878e-01
1.661578416824340820e-01
1.664624810218811035e-01
1.733605265617370605e-01
1.691811680793762207e-01
1.658354401588439941e-01
1.662404835224151611e-01
1.729810088872909546e-01
1.689274162054061890e-01
1.654559373855590820e-01
8.431255817413330078e-02
9.085816890001296997e-02
8.704313635826110840e-02
8.370104432106018066e-02
8.416150510311126709e-02
9.100740402936935425e-02
8.697738498449325562e-02
8.359117060899734497e-02
8.407422900199890137e-02
9.082715958356857300e-02
8.663883805274963379e-02
8.353201299905776978e-02
8.400598168373107910e-02
9.049522876739501953e-02
8.667351305484771729e-02
8.340454101562500000e-02
8.392092585563659668e-02
9.031356871128082275e-02
8.642163872718811035e-02
8.331032097339630127e-02
1.647658348083496094e-01
1.711108833551406860e-01
1.671433448791503906e-01
1.639532744884490967e-01
1.644219756126403809e-01
1.708458811044692993e-01
1.668978035449981689e-01
1.637075543403625488e-01
1.641023457050323486e-01
1.706235855817794800e-01
1.666405797004699707e-01
1.634255051612854004e-01
1.638612747192382812e-01
1.701946854591369629e-01
1.662152707576751709e-01
1.630970984697341919e-01
1.635357141494750977e-01
1.696439981460571289e-01
1.658757477998733521e-01
1.626983731985092163e-01
8.258466422557830811e-02
8.892175555229187012e-02
8.509290218353271484e-02
8.192269504070281982e-02
8.245721459388732910e-02
8.870092034339904785e-02
8.485824614763259888e-02
8.186405897140502930e-02
8.239896595478057861e-02
8.857806026935577393e-02
8.494971692562103271e-02
8.177142590284347534e-02
8.230576664209365845e-02
8.835624158382415771e-02
8.458567410707473755e-02
8.170543611049652100e-02
8.220647275447845459e-02
8.828134089708328247e-02
8.444093912839889526e-02
8.149765431880950928e-02
1.649508774280548096e-01
1.709150522947311401e-01
1.671335101127624512e-01
1.641457974910736084e-01
1.645938158035278320e-01
1.706056147813796997e-01
1.669526696205139160e-01
1.638565212488174438e-01
1.643462777137756348e-01
1.703352481126785278e-01
1.666043996810913086e-01
1.635529547929763794e-01
1.640075892210006714e-01
1.698068529367446899e-01
1.661413460969924927e-01
1.631955951452255249e-01
1.636898517608642578e-01
1.696934551000595093e-01
1.658749133348464966e-01
1.628313213586807251e-01
8.036126196384429932e-02
8.622642606496810913e-02
8.254938572645187378e-02
7.969969511032104492e-02
8.026558905839920044e-02
8.607853949069976807e-02
8.268401026725769043e-02
7.960474491119384766e-02
8.018435537815093994e-02
8.602277934551239014e-02
8.239359408617019653e-02
7.956537604331970215e-02
8.008188754320144653e-02
8.591488003730773926e-02
8.214381337165832520e-02
7.938851416110992432e-02
7.999277114868164062e-02
8.579070866107940674e-02
8.207985758781433105e-02
7.929267734289169312e-02
1.632237732410430908e-01
1.688835918903350830e-01
1.653468310832977295e-01
1.624206155538558960e-01
1.629372388124465942e-01
1.685763895511627197e-01
1.650557368993759155e-01
1.621043831110000610e-01
1.626116931438446045e-01
1.682388484477996826e-01
1.646603196859359741e-01
1.617816388607025146e-01
1.622885465621948242e-01
1.680508553981781006e-01
1.642637848854064941e-01
1.614440977573394775e-01
1.619884520769119263e-01
1.675950288772583008e-01
1.638820469379425049e-01
1.611068844795227051e-01
7.902097702026367188e-02
8.453956991434097290e-02
8.123145252466201782e-02
7.829527556896209717e-02
7.890819758176803589e-02
8.443600684404373169e-02
8.103194832801818848e-02
7.826463133096694946e-02
7.881946861743927002e-02
8.447617292404174805e-02
8.083753287792205811e-02
7.811059057712554932e-02
7.872080057859420776e-02
8.433848619461059570e-02
8.066192269325256348e-02
7.803434133529663086e-02
7.861508429050445557e-02
8.413176238536834717e-02
8.067984133958816528e-02
7.792561501264572144e-02
1.606325060129165649e-01
1.659719645977020264e-01
1.625857055187225342e-01
1.597565263509750366e-01
1.602853387594223022e-01
1.656113862991333008e-01
1.622427999973297119e-01
1.594322323799133301e-01
1.599735468626022339e-01
1.655355989933013916e-01
1.619056463241577148e-01
1.591240614652633667e-01
1.596702039241790771e-01
1.650843471288681030e-01
1.614387184381484985e-01
1.588121503591537476e-01
1.593932509422302246e-01
1.647048890590667725e-01
1.613567918539047241e-01
1.584818661212921143e-01
7.703185081481933594e-02
8.232912421226501465e-02
7.902060449123382568e-02
7.634186744689941406e-02
7.692034542560577393e-02
8.230977505445480347e-02
7.889200747013092041e-02
7.619571685791015625e-02
7.682859152555465698e-02
8.229200541973114014e-02
7.876539975404739380e-02
7.614203542470932007e-02
7.672051340341567993e-02
8.209253102540969849e-02
7.866304367780685425e-02
7.604879885911941528e-02
7.667750865221023560e-02
8.193448930978775024e-02
7.861044257879257202e-02
7.593145966529846191e-02
1.592651307582855225e-01
1.643440723419189453e-01
1.610695868730545044e-01
1.583651751279830933e-01
1.589299440383911133e-01
1.642263233661651611e-01
1.607863157987594604e-01
1.580508798360824585e-01
1.586322486400604248e-01
1.639139950275421143e-01
1.603695750236511230e-01
1.577645540237426758e-01
1.583474278450012207e-01
1.635074317455291748e-01
1.601619124412536621e-01
1.574473381042480469e-01
1.580529808998107910e-01
1.631839275360107422e-01
1.597924232482910156e-01
1.571471691131591797e-01
7.493603229522705078e-02
8.013778179883956909e-02
7.677048444747924805e-02
7.416741549968719482e-02
7.482169568538665771e-02
8.008344471454620361e-02
7.670468091964721680e-02
7.411715388298034668e-02
7.472606003284454346e-02
8.002121746540069580e-02
7.664077728986740112e-02
7.404560595750808716e-02
7.467923313379287720e-02
7.983131706714630127e-02
7.649248093366622925e-02
7.395283877849578857e-02
7.458166778087615967e-02
7.958760857582092285e-02
7.638433575630187988e-02
7.381795346736907959e-02
1.570435017347335815e-01
1.621215790510177612e-01
1.587781161069869995e-01
1.561303138732910156e-01
1.567215174436569214e-01
1.617848277091979980e-01
1.584119200706481934e-01
1.558484584093093872e-01
1.564475744962692261e-01
1.614974290132522583e-01
1.582447290420532227e-01
1.555519551038742065e-01
1.561527550220489502e-01
1.611381471157073975e-01
1.578049361705780029e-01
1.552702784538269043e-01
1.558534055948257446e-01
1.608964502811431885e-01
1.574858576059341431e-01
1.549000144004821777e-01
7.307585328817367554e-02
7.815834134817123413e-02
7.484922558069229126e-02
7.232968509197235107e-02
7.295920699834823608e-02
7.806004583835601807e-02
7.484114170074462891e-02
7.226396352052688599e-02
7.292039692401885986e-02
7.796920090913772583e-02
7.473519444465637207e-02
7.218904048204421997e-02
7.281880825757980347e-02
7.772979885339736938e-02
7.454798370599746704e-02
7.207901775836944580e-02
7.272997498512268066e-02
7.776170969009399414e-02
7.448526471853256226e-02
7.196459174156188965e-02
1.545632630586624146e-01
1.594270169734954834e-01
1.561561524868011475e-01
1.536605358123779297e-01
1.542663574218750000e-01
1.591260731220245361e-01
1.560225933790206909e-01
1.533648520708084106e-01
1.539834439754486084e-01
1.588812619447708130e-01
1.556220501661300659e-01
1.531053483486175537e-01
1.536811739206314087e-01
1.586153209209442139e-01
1.552342474460601807e-01
1.527521163225173950e-01
1.533881127834320068e-01
1.583434641361236572e-01
1.549677699804306030e-01
1.524551808834075928e-01
7.119397819042205811e-02
7.615922391414642334e-02
7.297599315643310547e-02
7.046391814947128296e-02
7.113152742385864258e-02
7.604970782995223999e-02
7.291053980588912964e-02
7.038488984107971191e-02
7.104158401489257812e-02
7.592885196208953857e-02
7.276044040918350220e-02
7.029761373996734619e-02
7.094968110322952271e-02
7.591830939054489136e-02
7.261570543050765991e-02
7.019997388124465942e-02
7.087470591068267822e-02
7.571411877870559692e-02
7.248147577047348022e-02
7.010503113269805908e-02
1.535938382148742676e-01
1.582852005958557129e-01
1.552474945783615112e-01
1.526599079370498657e-01
1.532850414514541626e-01
1.580146849155426025e-01
1.548893302679061890e-01
1.524029821157455444e-01
1.529948115348815918e-01
1.578449755907058716e-01
1.545362174510955811e-01
1.520658731460571289e-01
1.526941657066345215e-01
1.575604677200317383e-01
1.541914194822311401e-01
1.517806649208068848e-01
1.523891538381576538e-01
1.572200059890747070e-01
1.539926528930664062e-01
1.514740884304046631e-01
6.930552423000335693e-02
7.409282028675079346e-02
7.101379334926605225e-02
6.853223592042922974e-02
6.919771432876586914e-02
7.395447790622711182e-02
7.089820504188537598e-02
6.844365596771240234e-02
6.911475211381912231e-02
7.402688264846801758e-02
7.079146057367324829e-02
6.836557388305664062e-02
6.903633475303649902e-02
7.382463663816452026e-02
7.058968394994735718e-02
6.828697770833969116e-02
6.897999346256256104e-02
7.367216050624847412e-02
7.066899538040161133e-02
6.819618493318557739e-02
1.516770422458648682e-01
1.562643349170684814e-01
1.532073616981506348e-01
1.507714390754699707e-01
1.513687670230865479e-01
1.560576856136322021e-01
1.528988778591156006e-01
1.504389941692352295e-01
1.510748267173767090e-01
1.558584868907928467e-01
1.525918394327163696e-01
1.501720100641250610e-01
1.507711410522460938e-01
1.555160284042358398e-01
1.523093879222869873e-01
1.498781144618988037e-01
1.505190432071685791e-01
1.552002578973770142e-01
1.520650833845138550e-01
1.495674252510070801e-01
6.767618656158447266e-02
7.232221961021423340e-02
6.930772960186004639e-02
6.689304113388061523e-02
6.757615506649017334e-02
7.237835228443145752e-02
6.923800706863403320e-02
6.681267172098159790e-02
6.750594824552536011e-02
7.227471470832824707e-02
6.906862556934356689e-02
6.675516068935394287e-02
6.744587421417236328e-02
7.209645211696624756e-02
6.906515359878540039e-02
6.667523831129074097e-02
6.737960129976272583e-02
7.198361307382583618e-02
6.893537193536758423e-02
6.660652160644531250e-02
1.493566632270812988e-01
1.539254933595657349e-01
1.508032977581024170e-01
1.484052389860153198e-01
1.490488648414611816e-01
1.537021547555923462e-01
1.505414545536041260e-01
1.481433212757110596e-01
1.487551629543304443e-01
1.534635573625564575e-01
1.502887457609176636e-01
1.478675156831741333e-01
1.485039591789245605e-01
1.531214565038681030e-01
1.499735116958618164e-01
1.475758850574493408e-01
1.482114493846893311e-01
1.527421772480010986e-01
1.496817916631698608e-01
1.472515463829040527e-01
6.557738780975341797e-02
7.027270644903182983e-02
6.718240678310394287e-02
6.478780508041381836e-02
6.548608839511871338e-02
7.015586644411087036e-02
6.704793870449066162e-02
6.473618745803833008e-02
6.543616205453872681e-02
7.006768882274627686e-02
6.707665324211120605e-02
6.467227637767791748e-02
6.536944210529327393e-02
6.992730498313903809e-02
6.688729673624038696e-02
6.461887061595916748e-02
6.529879570007324219e-02
6.987968087196350098e-02
6.679581105709075928e-02
6.449663639068603516e-02
1.468513011932373047e-01
1.513768583536148071e-01
1.482760608196258545e-01
1.459275186061859131e-01
1.465456187725067139e-01
1.511162817478179932e-01
1.480666249990463257e-01
1.456584930419921875e-01
1.463008671998977661e-01
1.508570611476898193e-01
1.477883160114288330e-01
1.453856229782104492e-01
1.460090279579162598e-01
1.504715979099273682e-01
1.474373042583465576e-01
1.450819522142410278e-01
1.457252800464630127e-01
1.503251641988754272e-01
1.471851766109466553e-01
1.447750329971313477e-01
6.384962797164916992e-02
6.841230392456054688e-02
6.536254286766052246e-02
6.307836621999740601e-02
6.377890706062316895e-02
6.831842660903930664e-02
6.542123854160308838e-02
6.301403045654296875e-02
6.372049450874328613e-02
6.826616823673248291e-02
6.525772064924240112e-02
6.297802925109863281e-02
6.364683806896209717e-02
6.820064783096313477e-02
6.510727852582931519e-02
6.286498904228210449e-02
6.357845664024353027e-02
6.813276559114456177e-02
6.505575776100158691e-02
6.279896199703216553e-02
1.446266323328018188e-01
1.490930616855621338e-01
1.460854709148406982e-01
1.437256038188934326e-01
1.443670392036437988e-01
1.488251984119415283e-01
1.458373665809631348e-01
1.434506177902221680e-01
1.440837085247039795e-01
1.485435962677001953e-01
1.455146074295043945e-01
1.431679129600524902e-01
1.438018232583999634e-01
1.483598649501800537e-01
1.451980769634246826e-01
1.428771466016769409e-01
1.435327976942062378e-01
1.480124443769454956e-01
1.448900699615478516e-01
1.425898522138595581e-01
6.178715080022811890e-02
6.624146550893783569e-02
6.337962299585342407e-02
6.100162118673324585e-02
6.171195209026336670e-02
6.617024540901184082e-02
6.325358897447586060e-02
6.097349524497985840e-02
6.165055558085441589e-02
6.619144976139068604e-02
6.312784552574157715e-02
6.087433546781539917e-02
6.157831847667694092e-02
6.611248850822448730e-02
6.301529705524444580e-02
6.082046031951904297e-02
6.150433793663978577e-02
6.598432362079620361e-02
6.301994621753692627e-02
6.074865162372589111e-02
1.425655186176300049e-01
1.469097435474395752e-01
1.439853906631469727e-01
1.416389346122741699e-01
1.422702968120574951e-01
1.466164737939834595e-01
1.436952203512191772e-01
1.413575708866119385e-01
1.419954448938369751e-01
1.465072333812713623e-01
1.434122323989868164e-01
1.410843133926391602e-01
1.417246013879776001e-01
1.461633592844009399e-01
1.430451273918151855e-01
1.408120095729827881e-01
1.414757668972015381e-01
1.458549648523330688e-01
1.429266035556793213e-01
1.405302882194519043e-01
5.996295809745788574e-02
6.434380263090133667e-02
6.146755814552307129e-02
5.920875817537307739e-02
5.988568812608718872e-02
6.433723121881484985e-02
6.138088554143905640e-02
5.911430716514587402e-02
5.981948971748352051e-02
6.433199346065521240e-02
6.129517406225204468e-02
5.907648801803588867e-02
5.974521487951278687e-02
6.420223414897918701e-02
6.123196706175804138e-02
5.901409685611724854e-02
5.971544981002807617e-02
6.409152597188949585e-02
6.120206415653228760e-02
5.893971025943756104e-02
1.406559348106384277e-01
1.448999196290969849e-01
1.420284956693649292e-01
1.397304534912109375e-01
1.403682827949523926e-01
1.447804868221282959e-01
1.417772322893142700e-01
1.394574046134948730e-01
1.401051282882690430e-01
1.445209681987762451e-01
1.414386183023452759e-01
1.392046362161636353e-01
1.398538053035736084e-01
1.441906690597534180e-01
1.412506401538848877e-01
1.389319747686386108e-01
1.395980417728424072e-01
1.439166516065597534e-01
1.409497857093811035e-01
1.386725008487701416e-01
5.842706188559532166e-02
6.281727552413940430e-02
5.987351760268211365e-02
5.763889476656913757e-02
5.834845826029777527e-02
6.278982758522033691e-02
5.982452630996704102e-02
5.760591477155685425e-02
5.828144401311874390e-02
6.274937838315963745e-02
5.978355556726455688e-02
5.755823105573654175e-02
5.824828892946243286e-02
6.261695921421051025e-02
5.969281494617462158e-02
5.749751254916191101e-02
5.818297713994979858e-02
6.244911625981330872e-02
5.961918085813522339e-02
5.740740895271301270e-02
1.388449817895889282e-01
1.431594192981719971e-01
1.402065306901931763e-01
1.379235535860061646e-01
1.385679990053176880e-01
1.428813189268112183e-01
1.399029046297073364e-01
1.376769542694091797e-01
1.383242160081863403e-01
1.426332592964172363e-01
1.397426128387451172e-01
1.374187469482421875e-01
1.380668580532073975e-01
1.423398703336715698e-01
1.393865942955017090e-01
1.371728479862213135e-01
1.378091275691986084e-01
1.421275436878204346e-01
1.391178518533706665e-01
1.368617713451385498e-01
5.671212822198867798e-02
6.108130142092704773e-02
5.814849957823753357e-02
5.595309287309646606e-02
5.663050711154937744e-02
6.101989373564720154e-02
5.814730376005172729e-02
5.591130256652832031e-02
5.660517513751983643e-02
6.095477938652038574e-02
5.808314681053161621e-02
5.586503446102142334e-02
5.653710663318634033e-02
6.078400462865829468e-02
5.795305594801902771e-02
5.579018220305442810e-02
5.647613108158111572e-02
6.081933528184890747e-02
5.791077017784118652e-02
5.571282282471656799e-02
0.000000000000000000e+00
0.000000000000000000e+00
0.000000000000000000e+00
0.000000000000000000e+00
0.000000000000000000e+00
0.000000000000000000e+00
0.000000000000000000e+00
0.000000000000000000e+00
0.000000000000000000e+00
0.000000000000000000e+00
0.000000000000000000e+00
0.000000000000000000e+00
0.000000000000000000e+00
0.000000000000000000e+00
0.000000000000000000e+00
0.000000000000000000e+00
0.000000000000000000e+00
0.000000000000000000e+00
0.000000000000000000e+00
0.000000000000000000e+00
0.000000000000000000e+00
0.000000000000000000e+00
0.000000000000000000e+00
0.000000000000000000e+00
0.000000000000000000e+00
0.000000000000000000e+00
0.000000000000000000e+00
0.000000000000000000e+00
0.000000000000000000e+00
0.000000000000000000e+00
0.000000000000000000e+00
0.000000000000000000e+00
0.000000000000000000e+00
0.000000000000000000e+00
0.000000000000000000e+00
0.000000000000000000e+00
0.000000000000000000e+00
0.000000000000000000e+00
0.000000000000000000e+00
0.000000000000000000e+00
0.000000000000000000e+00
0.000000000000000000e+00
0.000000000000000000e+00
0.000000000000000000e+00
0.000000000000000000e+00
0.000000000000000000e+00
0.000000000000000000e+00
0.000000000000000000e+00
0.000000000000000000e+00
0.000000000000000000e+00
0.000000000000000000e+00
0.000000000000000000e+00
0.000000000000000000e+00
0.000000000000000000e+00
0.000000000000000000e+00
0.000000000000000000e+00
0.000000000000000000e+00
0.000000000000000000e+00
0.000000000000000000e+00
0.000000000000000000e+00
0.000000000000000000e+00
0.000000000000000000e+00
0.000000000000000000e+00
0.000000000000000000e+00
0.000000000000000000e+00
0.000000000000000000e+00
0.000000000000000000e+00
0.000000000000000000e+00
0.000000000000000000e+00
0.000000000000000000e+00
0.000000000000000000e+00
0.000000000000000000e+00
0.000000000000000000e+00
0.000000000000000000e+00
0.000000000000000000e+00
0.000000000000000000e+00
0.000000000000000000e+00
0.000000000000000000e+00
0.000000000000000000e+00
0.000000000000000000e+00
0.000000000000000000e+00
0.000000000000000000e+00
0.000000000000000000e+00
0.000000000000000000e+00
0.000000000000000000e+00
0.000000000000000000e+00
0.000000000000000000e+00
0.000000000000000000e+00
0.000000000000000000e+00
0.000000000000000000e+00
0.000000000000000000e+00
0.000000000000000000e+00
0.000000000000000000e+00
0.000000000000000000e+00
0.000000000000000000e+00
0.000000000000000000e+00
0.000000000000000000e+00
0.000000000000000000e+00
0.000000000000000000e+00
0.000000000000000000e+00
0.000000000000000000e+00
0.000000000000000000e+00
0.000000000000000000e+00
0.000000000000000000e+00
0.000000000000000000e+00
0.000000000000000000e+00
0.000000000000000000e+00
0.000000000000000000e+00
0.000000000000000000e+00
0.000000000000000000e+00
0.000000000000000000e+00
0.000000000000000000e+00
0.000000000000000000e+00
0.000000000000000000e+00
0.000000000000000000e+00
0.000000000000000000e+00
0.000000000000000000e+00
0.000000000000000000e+00
0.000000000000000000e+00
0.000000000000000000e+00
0.000000000000000000e+00
0.000000000000000000e+00
0.000000000000000000e+00
0.000000000000000000e+00
0.000000000000000000e+00
0.000000000000000000e+00
0.000000000000000000e+00
0.000000000000000000e+00
0.000000000000000000e+00
0.000000000000000000e+00
0.000000000000000000e+00
0.000000000000000000e+00
0.000000000000000000e+00
0.000000000000000000e+00
0.000000000000000000e+00
0.000000000000000000e+00
0.000000000000000000e+00
0.000000000000000000e+00
0.000000000000000000e+00
0.000000000000000000e+00
0.000000000000000000e+00
0.000000000000000000e+00
0.000000000000000000e+00
0.000000000000000000e+00
0.000000000000000000e+00
0.000000000000000000e+00
0.000000000000000000e+00
0.000000000000000000e+00
0.000000000000000000e+00
0.000000000000000000e+00
0.000000000000000000e+00
0.000000000000000000e+00
0.000000000000000000e+00
0.000000000000000000e+00
0.000000000000000000e+00
0.000000000000000000e+00
0.000000000000000000e+00
0.000000000000000000e+00
0.000000000000000000e+00
0.000000000000000000e+00
0.000000000000000000e+00
0.000000000000000000e+00
0.000000000000000000e+00
0.000000000000000000e+00
0.000000000000000000e+00
0.000000000000000000e+00
0.000000000000000000e+00
0.000000000000000000e+00
0.000000000000000000e+00
0.000000000000000000e+00
0.000000000000000000e+00
0.000000000000000000e+00
0.000000000000000000e+00
0.000000000000000000e+00
0.000000000000000000e+00
0.000000000000000000e+00
0.000000000000000000e+00
0.000000000000000000e+00
0.000000000000000000e+00
0.000000000000000000e+00
0.000000000000000000e+00
0.000000000000000000e+00
0.000000000000000000e+00
0.000000000000000000e+00
0.000000000000000000e+00
0.000000000000000000e+00
0.000000000000000000e+00
0.000000000000000000e+00
0.000000000000000000e+00
0.000000000000000000e+00
0.000000000000000000e+00
0.000000000000000000e+00
0.000000000000000000e+00
0.000000000000000000e+00
0.000000000000000000e+00
0.000000000000000000e+00
0.000000000000000000e+00
0.000000000000000000e+00
0.000000000000000000e+00
0.000000000000000000e+00
0.000000000000000000e+00
0.000000000000000000e+00
0.000000000000000000e+00
0.000000000000000000e+00
0.000000000000000000e+00
0.000000000000000000e+00
0.000000000000000000e+00
0.000000000000000000e+00
0.000000000000000000e+00
0.000000000000000000e+00
0.000000000000000000e+00
0.000000000000000000e+00
0.000000000000000000e+00
0.000000000000000000e+00
0.000000000000000000e+00
0.000000000000000000e+00
0.000000000000000000e+00
0.000000000000000000e+00
0.000000000000000000e+00
0.000000000000000000e+00
0.000000000000000000e+00
0.000000000000000000e+00
0.000000000000000000e+00
0.000000000000000000e+00
0.000000000000000000e+00
0.000000000000000000e+00
0.000000000000000000e+00
0.000000000000000000e+00
0.000000000000000000e+00
0.000000000000000000e+00
0.000000000000000000e+00
0.000000000000000000e+00
0.000000000000000000e+00
0.000000000000000000e+00
0.000000000000000000e+00
0.000000000000000000e+00
0.000000000000000000e+00
0.000000000000000000e+00
0.000000000000000000e+00
0.000000000000000000e+00
0.000000000000000000e+00
0.000000000000000000e+00
0.000000000000000000e+00
0.000000000000000000e+00
0.000000000000000000e+00
0.000000000000000000e+00
0.000000000000000000e+00
0.000000000000000000e+00
0.000000000000000000e+00
0.000000000000000000e+00
0.000000000000000000e+00
0.000000000000000000e+00
0.000000000000000000e+00
0.000000000000000000e+00
0.000000000000000000e+00
0.000000000000000000e+00
0.000000000000000000e+00
0.000000000000000000e+00
0.000000000000000000e+00
0.000000000000000000e+00
0.000000000000000000e+00
0.000000000000000000e+00
0.000000000000000000e+00
0.000000000000000000e+00
0.000000000000000000e+00
0.000000000000000000e+00
0.000000000000000000e+00
0.000000000000000000e+00
0.000000000000000000e+00
0.000000000000000000e+00
0.000000000000000000e+00
0.000000000000000000e+00
0.000000000000000000e+00
0.000000000000000000e+00
0.000000000000000000e+00
0.000000000000000000e+00
0.000000000000000000e+00
0.000000000000000000e+00
0.000000000000000000e+00
0.000000000000000000e+00
0.000000000000000000e+00
0.000000000000000000e+00
0.000000000000000000e+00
0.000000000000000000e+00
0.000000000000000000e+00
0.000000000000000000e+00
0.000000000000000000e+00
0.000000000000000000e+00
0.000000000000000000e+00
0.000000000000000000e+00
0.000000000000000000e+00
0.000000000000000000e+00
0.000000000000000000e+00
0.000000000000000000e+00
0.000000000000000000e+00
0.000000000000000000e+00
0.000000000000000000e+00
0.000000000000000000e+00
0.000000000000000000e+00
0.000000000000000000e+00
0.000000000000000000e+00
0.000000000000000000e+00
0.000000000000000000e+00
0.000000000000000000e+00
0.000000000000000000e+00
0.000000000000000000e+00
0.000000000000000000e+00
0.000000000000000000e+00
0.000000000000000000e+00
0.000000000000000000e+00
0.000000000000000000e+00
0.000000000000000000e+00
0.000000000000000000e+00
0.000000000000000000e+00
0.000000000000000000e+00
0.000000000000000000e+00
0.000000000000000000e+00
0.000000000000000000e+00
0.000000000000000000e+00
0.000000000000000000e+00
0.000000000000000000e+00
0.000000000000000000e+00
0.000000000000000000e+00
0.000000000000000000e+00
0.000000000000000000e+00
0.000000000000000000e+00
0.000000000000000000e+00
0.000000000000000000e+00
0.000000000000000000e+00
0.000000000000000000e+00
0.000000000000000000e+00
0.000000000000000000e+00
0.000000000000000000e+00
0.000000000000000000e+00
0.000000000000000000e+00
0.000000000000000000e+00
0.000000000000000000e+00
0.000000000000000000e+00
0.000000000000000000e+00
0.000000000000000000e+00
0.000000000000000000e+00
0.000000000000000000e+00
0.000000000000000000e+00
0.000000000000000000e+00
0.000000000000000000e+00
0.000000000000000000e+00
0.000000000000000000e+00
0.000000000000000000e+00
0.000000000000000000e+00
0.000000000000000000e+00
0.000000000000000000e+00
0.000000000000000000e+00
0.000000000000000000e+00
0.000000000000000000e+00
0.000000000000000000e+00
0.000000000000000000e+00
0.000000000000000000e+00
0.000000000000000000e+00
0.000000000000000000e+00
0.000000000000000000e+00
0.000000000000000000e+00
0.000000000000000000e+00
0.000000000000000000e+00
0.000000000000000000e+00
0.000000000000000000e+00
0.000000000000000000e+00
0.000000000000000000e+00
0.000000000000000000e+00
0.000000000000000000e+00
0.000000000000000000e+00
0.000000000000000000e+00
0.000000000000000000e+00
0.000000000000000000e+00
0.000000000000000000e+00
0.000000000000000000e+00
0.000000000000000000e+00
0.000000000000000000e+00
0.000000000000000000e+00
0.000000000000000000e+00
0.000000000000000000e+00
0.000000000000000000e+00
0.000000000000000000e+00
0.000000000000000000e+00
0.000000000000000000e+00
0.000000000000000000e+00
0.000000000000000000e+00
0.000000000000000000e+00
0.000000000000000000e+00
0.000000000000000000e+00
0.000000000000000000e+00
0.000000000000000000e+00
0.000000000000000000e+00
0.000000000000000000e+00
0.000000000000000000e+00
0.000000000000000000e+00
0.000000000000000000e+00
0.000000000000000000e+00
0.000000000000000000e+00
0.000000000000000000e+00
0.000000000000000000e+00
0.000000000000000000e+00
0.000000000000000000e+00
0.000000000000000000e+00
0.000000000000000000e+00
0.000000000000000000e+00
0.000000000000000000e+00
0.000000000000000000e+00
0.000000000000000000e+00
0.000000000000000000e+00
0.000000000000000000e+00
0.000000000000000000e+00
0.000000000000000000e+00
0.000000000000000000e+00
0.000000000000000000e+00
0.000000000000000000e+00
0.000000000000000000e+00
0.000000000000000000e+00
0.000000000000000000e+00
0.000000000000000000e+00
0.000000000000000000e+00
0.000000000000000000e+00
0.000000000000000000e+00
0.000000000000000000e+00
0.000000000000000000e+00
0.000000000000000000e+00
0.000000000000000000e+00
0.000000000000000000e+00
0.000000000000000000e+00
0.000000000000000000e+00
0.000000000000000000e+00
0.000000000000000000e+00
0.000000000000000000e+00
0.000000000000000000e+00
0.000000000000000000e+00
0.000000000000000000e+00
0.000000000000000000e+00
0.000000000000000000e+00
0.000000000000000000e+00
0.000000000000000000e+00
0.000000000000000000e+00
0.000000000000000000e+00
0.000000000000000000e+00
0.000000000000000000e+00
0.000000000000000000e+00
0.000000000000000000e+00
0.000000000000000000e+00
0.000000000000000000e+00
0.000000000000000000e+00
0.000000000000000000e+00
0.000000000000000000e+00
0.000000000000000000e+00
0.000000000000000000e+00
0.000000000000000000e+00
0.000000000000000000e+00
0.000000000000000000e+00
0.000000000000000000e+00
0.000000000000000000e+00
0.000000000000000000e+00
0.000000000000000000e+00
0.000000000000000000e+00
0.000000000000000000e+00
0.000000000000000000e+00
0.000000000000000000e+00
0.000000000000000000e+00
0.000000000000000000e+00
0.000000000000000000e+00
0.000000000000000000e+00
0.000000000000000000e+00
0.000000000000000000e+00
0.000000000000000000e+00
0.000000000000000000e+00
0.000000000000000000e+00
0.000000000000000000e+00
0.000000000000000000e+00
0.000000000000000000e+00
0.000000000000000000e+00
0.000000000000000000e+00
0.000000000000000000e+00
0.000000000000000000e+00
0.000000000000000000e+00
0.000000000000000000e+00
0.000000000000000000e+00
0.000000000000000000e+00
0.000000000000000000e+00
0.000000000000000000e+00
0.000000000000000000e+00
0.000000000000000000e+00
0.000000000000000000e+00
0.000000000000000000e+00
0.000000000000000000e+00
0.000000000000000000e+00
0.000000000000000000e+00
0.000000000000000000e+00
0.000000000000000000e+00
0.000000000000000000e+00
0.000000000000000000e+00
0.000000000000000000e+00
0.000000000000000000e+00
0.000000000000000000e+00
0.000000000000000000e+00
0.000000000000000000e+00
0.000000000000000000e+00
0.000000000000000000e+00
0.000000000000000000e+00
0.000000000000000000e+00
0.000000000000000000e+00
0.000000000000000000e+00
0.000000000000000000e+00
0.000000000000000000e+00
0.000000000000000000e+00
0.000000000000000000e+00
0.000000000000000000e+00
0.000000000000000000e+00
0.000000000000000000e+00
0.000000000000000000e+00
0.000000000000000000e+00
0.000000000000000000e+00
0.000000000000000000e+00
0.000000000000000000e+00
0.000000000000000000e+00
0.000000000000000000e+00
0.000000000000000000e+00
0.000000000000000000e+00
0.000000000000000000e+00
0.000000000000000000e+00
0.000000000000000000e+00
0.000000000000000000e+00
0.000000000000000000e+00
0.000000000000000000e+00
0.000000000000000000e+00
0.000000000000000000e+00
0.000000000000000000e+00
0.000000000000000000e+00
0.000000000000000000e+00
0.000000000000000000e+00
0.000000000000000000e+00
0.000000000000000000e+00
0.000000000000000000e+00
0.000000000000000000e+00
0.000000000000000000e+00
0.000000000000000000e+00
0.000000000000000000e+00
0.000000000000000000e+00
0.000000000000000000e+00
0.000000000000000000e+00
0.000000000000000000e+00
0.000000000000000000e+00
0.000000000000000000e+00
0.000000000000000000e+00
0.000000000000000000e+00
0.000000000000000000e+00
0.000000000000000000e+00
0.000000000000000000e+00
0.000000000000000000e+00
0.000000000000000000e+00
0.000000000000000000e+00
0.000000000000000000e+00
0.000000000000000000e+00
0.000000000000000000e+00
0.000000000000000000e+00
0.000000000000000000e+00
0.000000000000000000e+00
0.000000000000000000e+00
0.000000000000000000e+00
0.000000000000000000e+00
0.000000000000000000e+00
0.000000000000000000e+00
0.000000000000000000e+00
0.000000000000000000e+00
0.000000000000000000e+00
0.000000000000000000e+00
0.000000000000000000e+00
0.000000000000000000e+00
0.000000000000000000e+00
0.000000000000000000e+00
0.000000000000000000e+00
0.000000000000000000e+00
0.000000000000000000e+00
0.000000000000000000e+00
0.000000000000000000e+00
0.000000000000000000e+00
0.000000000000000000e+00
0.000000000000000000e+00
0.000000000000000000e+00
0.000000000000000000e+00
0.000000000000000000e+00
0.000000000000000000e+00
0.000000000000000000e+00
0.000000000000000000e+00
0.000000000000000000e+00
0.000000000000000000e+00
0.000000000000000000e+00
0.000000000000000000e+00
0.000000000000000000e+00
0.000000000000000000e+00
0.000000000000000000e+00
0.000000000000000000e+00
0.000000000000000000e+00
0.000000000000000000e+00
0.000000000000000000e+00
0.000000000000000000e+00
0.000000000000000000e+00
0.000000000000000000e+00
0.000000000000000000e+00
0.000000000000000000e+00
0.000000000000000000e+00
0.000000000000000000e+00
0.000000000000000000e+00
0.000000000000000000e+00
0.000000000000000000e+00
0.000000000000000000e+00
0.000000000000000000e+00
0.000000000000000000e+00
0.000000000000000000e+00
0.000000000000000000e+00
0.000000000000000000e+00
0.000000000000000000e+00
0.000000000000000000e+00
0.000000000000000000e+00
0.000000000000000000e+00
0.000000000000000000e+00
0.000000000000000000e+00
0.000000000000000000e+00
0.000000000000000000e+00
0.000000000000000000e+00
0.000000000000000000e+00
0.000000000000000000e+00
0.000000000000000000e+00
0.000000000000000000e+00
0.000000000000000000e+00
0.000000000000000000e+00
0.000000000000000000e+00
0.000000000000000000e+00
0.000000000000000000e+00
0.000000000000000000e+00
0.000000000000000000e+00
0.000000000000000000e+00
0.000000000000000000e+00
0.000000000000000000e+00
0.000000000000000000e+00
0.000000000000000000e+00
0.000000000000000000e+00
0.000000000000000000e+00
0.000000000000000000e+00
0.000000000000000000e+00
0.000000000000000000e+00
0.000000000000000000e+00
0.000000000000000000e+00
0.000000000000000000e+00
0.000000000000000000e+00
0.000000000000000000e+00
0.000000000000000000e+00
0.000000000000000000e+00
0.000000000000000000e+00
0.000000000000000000e+00
0.000000000000000000e+00
0.000000000000000000e+00
0.000000000000000000e+00
0.000000000000000000e+00
0.000000000000000000e+00
0.000000000000000000e+00
0.000000000000000000e+00
0.000000000000000000e+00
0.000000000000000000e+00
0.000000000000000000e+00
0.000000000000000000e+00
0.000000000000000000e+00
0.000000000000000000e+00
0.000000000000000000e+00
0.000000000000000000e+00
0.000000000000000000e+00
0.000000000000000000e+00
0.000000000000000000e+00
0.000000000000000000e+00
0.000000000000000000e+00
0.000000000000000000e+00
0.000000000000000000e+00
0.000000000000000000e+00
0.000000000000000000e+00
0.000000000000000000e+00
0.000000000000000000e+00
0.000000000000000000e+00
0.000000000000000000e+00
0.000000000000000000e+00
0.000000000000000000e+00
0.000000000000000000e+00
0.000000000000000000e+00
0.000000000000000000e+00
0.000000000000000000e+00
0.000000000000000000e+00
0.000000000000000000e+00
0.000000000000000000e+00
0.000000000000000000e+00
0.000000000000000000e+00
0.000000000000000000e+00
0.000000000000000000e+00
0.000000000000000000e+00
0.000000000000000000e+00
0.000000000000000000e+00
0.000000000000000000e+00
0.000000000000000000e+00
0.000000000000000000e+00
0.000000000000000000e+00
0.000000000000000000e+00
0.000000000000000000e+00
0.000000000000000000e+00
0.000000000000000000e+00
0.000000000000000000e+00
0.000000000000000000e+00
0.000000000000000000e+00
0.000000000000000000e+00
0.000000000000000000e+00
0.000000000000000000e+00
0.000000000000000000e+00
0.000000000000000000e+00
0.000000000000000000e+00
0.000000000000000000e+00
0.000000000000000000e+00
0.000000000000000000e+00
0.000000000000000000e+00
0.000000000000000000e+00
0.000000000000000000e+00
0.000000000000000000e+00
0.000000000000000000e+00
0.000000000000000000e+00
0.000000000000000000e+00
0.000000000000000000e+00
0.000000000000000000e+00
0.000000000000000000e+00
0.000000000000000000e+00
0.000000000000000000e+00
0.000000000000000000e+00
0.000000000000000000e+00
0.000000000000000000e+00
0.000000000000000000e+00
0.000000000000000000e+00
0.000000000000000000e+00
0.000000000000000000e+00
0.000000000000000000e+00
0.000000000000000000e+00
0.000000000000000000e+00
0.000000000000000000e+00
0.000000000000000000e+00
0.000000000000000000e+00
0.000000000000000000e+00
0.000000000000000000e+00
0.000000000000000000e+00
0.000000000000000000e+00
0.000000000000000000e+00
0.000000000000000000e+00
0.000000000000000000e+00
0.000000000000000000e+00
0.000000000000000000e+00
0.000000000000000000e+00
0.000000000000000000e+00
0.000000000000000000e+00
0.000000000000000000e+00
0.000000000000000000e+00
0.000000000000000000e+00
0.000000000000000000e+00
0.000000000000000000e+00
0.000000000000000000e+00
0.000000000000000000e+00
0.000000000000000000e+00
0.000000000000000000e+00
0.000000000000000000e+00
0.000000000000000000e+00
0.000000000000000000e+00
0.000000000000000000e+00
0.000000000000000000e+00
0.000000000000000000e+00
0.000000000000000000e+00
0.000000000000000000e+00
0.000000000000000000e+00
0.000000000000000000e+00
0.000000000000000000e+00
0.000000000000000000e+00
0.000000000000000000e+00
0.000000000000000000e+00
0.000000000000000000e+00
0.000000000000000000e+00
0.000000000000000000e+00
0.000000000000000000e+00
0.000000000000000000e+00
0.000000000000000000e+00
0.000000000000000000e+00
0.000000000000000000e+00
0.000000000000000000e+00
0.000000000000000000e+00
0.000000000000000000e+00
0.000000000000000000e+00
0.000000000000000000e+00
0.000000000000000000e+00
0.000000000000000000e+00
0.000000000000000000e+00
0.000000000000000000e+00
0.000000000000000000e+00
0.000000000000000000e+00
0.000000000000000000e+00
0.000000000000000000e+00
0.000000000000000000e+00
0.000000000000000000e+00
0.000000000000000000e+00
0.000000000000000000e+00
0.000000000000000000e+00
0.000000000000000000e+00
0.000000000000000000e+00
0.000000000000000000e+00
0.000000000000000000e+00
0.000000000000000000e+00
0.000000000000000000e+00
0.000000000000000000e+00
0.000000000000000000e+00
0.000000000000000000e+00
0.000000000000000000e+00
0.000000000000000000e+00
0.000000000000000000e+00
0.000000000000000000e+00
0.000000000000000000e+00
0.000000000000000000e+00
0.000000000000000000e+00
0.000000000000000000e+00
0.000000000000000000e+00
0.000000000000000000e+00
0.000000000000000000e+00
0.000000000000000000e+00
0.000000000000000000e+00
0.000000000000000000e+00
0.000000000000000000e+00
0.000000000000000000e+00
0.000000000000000000e+00
0.000000000000000000e+00
0.000000000000000000e+00
0.000000000000000000e+00
0.000000000000000000e+00
0.000000000000000000e+00
0.000000000000000000e+00
0.000000000000000000e+00
0.000000000000000000e+00
0.000000000000000000e+00
0.000000000000000000e+00
0.000000000000000000e+00
0.000000000000000000e+00
0.000000000000000000e+00
0.000000000000000000e+00
0.000000000000000000e+00
0.000000000000000000e+00
0.000000000000000000e+00
0.000000000000000000e+00
0.000000000000000000e+00
0.000000000000000000e+00
0.000000000000000000e+00
0.000000000000000000e+00
0.000000000000000000e+00
0.000000000000000000e+00
0.000000000000000000e+00
0.000000000000000000e+00
0.000000000000000000e+00
0.000000000000000000e+00
0.000000000000000000e+00
0.000000000000000000e+00
0.000000000000000000e+00
0.000000000000000000e+00
0.000000000000000000e+00
0.000000000000000000e+00
0.000000000000000000e+00
0.000000000000000000e+00
0.000000000000000000e+00
0.000000000000000000e+00
0.000000000000000000e+00
0.000000000000000000e+00
0.000000000000000000e+00
0.000000000000000000e+00
0.000000000000000000e+00
0.000000000000000000e+00
0.000000000000000000e+00
0.000000000000000000e+00
0.000000000000000000e+00
0.000000000000000000e+00
0.000000000000000000e+00
0.000000000000000000e+00
0.000000000000000000e+00
0.000000000000000000e+00
0.000000000000000000e+00
0.000000000000000000e+00
0.000000000000000000e+00
0.000000000000000000e+00
0.000000000000000000e+00
0.000000000000000000e+00
0.000000000000000000e+00
0.000000000000000000e+00
0.000000000000000000e+00
0.000000000000000000e+00
0.000000000000000000e+00
0.000000000000000000e+00
0.000000000000000000e+00
0.000000000000000000e+00
0.000000000000000000e+00
0.000000000000000000e+00
0.000000000000000000e+00
0.000000000000000000e+00
0.000000000000000000e+00
0.000000000000000000e+00
0.000000000000000000e+00
0.000000000000000000e+00
0.000000000000000000e+00
0.000000000000000000e+00
0.000000000000000000e+00
0.000000000000000000e+00
0.000000000000000000e+00
0.000000000000000000e+00
0.000000000000000000e+00
0.000000000000000000e+00
0.000000000000000000e+00
0.000000000000000000e+00
0.000000000000000000e+00
0.000000000000000000e+00
0.000000000000000000e+00
0.000000000000000000e+00
0.000000000000000000e+00
0.000000000000000000e+00
0.000000000000000000e+00
0.000000000000000000e+00
0.000000000000000000e+00
0.000000000000000000e+00
0.000000000000000000e+00
0.000000000000000000e+00
0.000000000000000000e+00
0.000000000000000000e+00
0.000000000000000000e+00
0.000000000000000000e+00
0.000000000000000000e+00
0.000000000000000000e+00
0.000000000000000000e+00
0.000000000000000000e+00
0.000000000000000000e+00
0.000000000000000000e+00
0.000000000000000000e+00
0.000000000000000000e+00
0.000000000000000000e+00
0.000000000000000000e+00
0.000000000000000000e+00
0.000000000000000000e+00
0.000000000000000000e+00
0.000000000000000000e+00
0.000000000000000000e+00
0.000000000000000000e+00
0.000000000000000000e+00
0.000000000000000000e+00
0.000000000000000000e+00
0.000000000000000000e+00
0.000000000000000000e+00
0.000000000000000000e+00
0.000000000000000000e+00
0.000000000000000000e+00
0.000000000000000000e+00
0.000000000000000000e+00
0.000000000000000000e+00
0.000000000000000000e+00
0.000000000000000000e+00
0.000000000000000000e+00
0.000000000000000000e+00
0.000000000000000000e+00
0.000000000000000000e+00
0.000000000000000000e+00
0.000000000000000000e+00
0.000000000000000000e+00
0.000000000000000000e+00
0.000000000000000000e+00
0.000000000000000000e+00
0.000000000000000000e+00
0.000000000000000000e+00
0.000000000000000000e+00
0.000000000000000000e+00
0.000000000000000000e+00
0.000000000000000000e+00
0.000000000000000000e+00
0.000000000000000000e+00
0.000000000000000000e+00
0.000000000000000000e+00
0.000000000000000000e+00
0.000000000000000000e+00
0.000000000000000000e+00
0.000000000000000000e+00
0.000000000000000000e+00
0.000000000000000000e+00
0.000000000000000000e+00
0.000000000000000000e+00
0.000000000000000000e+00
0.000000000000000000e+00
0.000000000000000000e+00
0.000000000000000000e+00
0.000000000000000000e+00
0.000000000000000000e+00
0.000000000000000000e+00
0.000000000000000000e+00
0.000000000000000000e+00
0.000000000000000000e+00
0.000000000000000000e+00
